#Header line 	date 	volatility 	unit 		brkh20 	brkl20 	brkh55 	brkl55 	low10 	high10 	low20 	high20 	truerng	ignore20	add 	sellall	normalizedprice
ORA	2011-12-01	0.771306	1.296500e+5	19.440	16.880	19.690	14.430	16.880	19.160	16.880	19.440	1.290	0.000000	19.83	16.88	0.00	1
ORA	2011-11-30	0.744006	1.344070e+5	19.440	16.880	19.690	14.430	16.880	19.160	16.880	19.440	1.010	0.000000	19.81	16.88	0.00	2
ORA	2011-11-29	0.730007	1.369850e+5	19.440	16.880	19.690	14.430	16.880	19.160	16.880	19.440	0.540	0.000000	19.80	16.88	0.00	3
ORA	2011-11-28	0.740007	1.351340e+5	19.560	16.880	19.690	14.430	16.880	19.160	16.880	19.560	0.830	0.000000	19.93	16.88	0.00	4
ORA	2011-11-25	0.735271	1.360040e+5	19.690	17.110	19.690	14.430	17.110	19.160	17.110	19.690	0.510	0.000000	20.06	17.11	0.00	5
ORA	2011-11-23	0.747127	1.338460e+5	19.690	17.650	19.690	14.430	17.650	19.160	17.650	19.690	0.730	0.000000	20.06	17.65	0.00	6
ORA	2011-11-22	0.748028	1.336850e+5	19.690	17.760	19.690	14.430	17.760	19.440	17.760	19.690	0.440	0.000000	20.06	17.76	0.00	7
ORA	2011-11-21	0.764240	1.308490e+5	19.690	18.090	19.690	14.430	18.090	19.440	18.090	19.690	0.990	0.000000	20.07	18.09	0.00	8
ORA	2011-11-18	0.752358	1.329150e+5	19.690	18.090	19.690	14.430	18.090	19.440	18.090	19.690	0.380	0.000000	20.07	18.09	0.00	9
ORA	2011-11-17	0.771956	1.295410e+5	19.690	18.090	19.690	14.430	18.090	19.440	18.090	19.690	0.690	0.000000	20.08	18.09	0.00	10
ORA	2011-11-16	0.776270	1.288210e+5	19.690	18.090	19.690	14.430	18.090	19.440	18.090	19.690	0.930	0.000000	20.08	18.09	0.00	11
ORA	2011-11-15	0.768179	1.301780e+5	19.690	18.090	19.690	14.430	18.090	19.440	18.090	19.690	0.710	0.000000	20.07	18.09	0.00	12
ORA	2011-11-14	0.771241	1.296610e+5	19.690	18.090	19.690	14.430	18.090	19.440	18.090	19.690	0.520	0.000000	20.08	18.09	0.00	13
ORA	2011-11-11	0.784464	1.274760e+5	19.690	18.090	19.690	14.430	18.090	19.560	18.090	19.690	0.620	0.000000	20.08	18.09	0.00	14
ORA	2011-11-10	0.793120	1.260840e+5	19.690	18.090	19.690	14.430	18.090	19.690	18.090	19.690	0.570	0.000000	20.09	18.09	0.00	15
ORA	2011-11-09	0.804863	1.242450e+5	19.690	18.290	19.690	14.430	18.290	19.690	18.290	19.690	1.410	0.000000	20.09	18.29	0.00	16
ORA	2011-11-08	0.773014	1.293640e+5	19.690	18.290	19.690	14.430	18.290	19.690	18.290	19.690	0.910	0.000000	20.08	18.29	0.00	17
ORA	2011-11-07	0.765804	1.305820e+5	19.690	18.290	19.690	14.430	18.290	19.690	18.290	19.690	0.530	0.000000	20.07	18.29	0.00	18
ORA	2011-11-04	0.778214	1.284990e+5	19.690	18.010	19.690	14.430	18.290	19.690	18.010	19.690	0.570	0.000000	20.08	18.01	0.00	19
ORA	2011-11-03	0.789173	1.267150e+5	19.690	17.950	19.690	14.430	18.290	19.690	17.950	19.690	0.740	0.000000	20.08	17.95	0.00	20
ORA	2011-11-02	0.791761	1.263010e+5	19.690	17.150	19.690	14.430	18.290	19.690	17.150	19.690	0.710	0.000000	20.09	17.15	0.00	21
ORA	2011-11-01	0.796064	1.256180e+5	19.690	16.950	19.690	14.430	18.580	19.690	16.950	19.690	1.110	0.000000	20.09	16.95	0.00	22
ORA	2011-10-31	0.779541	1.282810e+5	19.690	15.440	19.690	14.430	18.580	19.690	15.440	19.690	0.840	0.000000	20.08	15.44	0.00	23
ORA	2011-10-28	0.776359	1.288060e+5	19.690	15.440	19.690	14.430	18.580	19.690	15.440	19.690	0.550	0.000000	20.08	15.44	0.00	24
ORA	2011-10-27	0.788273	1.268600e+5	19.350	15.440	19.350	14.430	18.580	19.350	15.440	19.350	1.140	0.000000	19.74	15.44	0.00	25
ORA	2011-10-26	0.769761	1.299100e+5	19.350	15.440	19.350	14.430	18.580	19.350	15.440	19.350	0.710	0.000000	19.73	15.44	0.00	26
ORA	2011-10-25	0.772906	1.293820e+5	19.350	15.440	19.350	14.430	18.690	19.350	15.440	19.350	0.750	0.000000	19.74	15.44	0.00	27
ORA	2011-10-24	0.774112	1.291800e+5	19.350	15.440	19.350	14.430	18.690	19.350	15.440	19.350	0.580	0.000000	19.74	15.44	0.00	28
ORA	2011-10-21	0.784329	1.274980e+5	19.350	15.010	19.350	14.430	18.010	19.350	15.010	19.350	0.570	0.000000	19.74	15.01	0.00	29
ORA	2011-10-20	0.795609	1.256900e+5	19.350	14.430	19.540	14.430	17.950	19.350	14.430	19.350	1.010	0.000000	19.75	14.43	0.00	30
ORA	2011-10-19	0.784325	1.274980e+5	19.350	14.430	19.890	14.430	17.150	19.350	14.430	19.350	0.760	0.000000	19.74	14.43	0.00	31
ORA	2011-10-18	0.785605	1.272900e+5	19.130	14.430	20.590	14.430	16.950	19.130	14.430	19.130	1.010	0.000000	19.52	14.43	0.00	32
ORA	2011-10-17	0.773795	1.292330e+5	19.130	14.430	20.860	14.430	15.440	19.130	14.430	19.130	0.530	0.000000	19.52	14.43	0.00	33
ORA	2011-10-14	0.786627	1.271250e+5	19.130	14.430	20.980	14.430	15.440	19.130	14.430	19.130	0.470	0.000000	19.52	14.43	0.00	34
ORA	2011-10-13	0.803291	1.244880e+5	19.130	14.430	21.220	14.430	15.440	19.130	14.430	19.130	0.310	0.000000	19.53	14.43	0.00	35
ORA	2011-10-12	0.829254	1.205900e+5	19.120	14.430	21.430	14.430	15.440	19.120	14.430	19.120	0.590	0.000000	19.53	14.43	0.00	36
ORA	2011-10-11	0.841846	1.187870e+5	19.120	14.430	21.770	14.430	15.440	19.120	14.430	19.120	0.850	0.000000	19.54	14.43	0.00	37
ORA	2011-10-10	0.841417	1.188470e+5	18.010	14.430	21.770	14.430	15.440	18.010	14.430	18.010	1.120	0.000000	18.43	14.43	0.00	38
ORA	2011-10-07	0.826755	1.209550e+5	17.950	14.430	21.910	14.430	15.010	17.950	14.430	17.950	0.720	0.000000	18.36	14.43	0.00	39
ORA	2011-10-06	0.832373	1.201380e+5	17.150	14.430	21.910	14.430	14.430	17.150	14.430	17.150	1.050	0.000000	17.57	14.43	0.00	40
ORA	2011-10-05	0.820919	1.218150e+5	16.950	14.430	21.910	14.430	14.430	16.950	14.430	16.950	0.600	0.000000	17.36	14.43	0.00	41
ORA	2011-10-04	0.832547	1.201130e+5	16.890	14.430	21.910	14.430	14.430	16.890	14.430	16.890	2.030	0.000000	17.31	14.43	0.00	42
ORA	2011-10-03	0.769523	1.299510e+5	16.890	14.430	21.910	14.430	14.430	16.890	14.430	16.890	0.970	0.000000	17.27	14.43	0.00	43
ORA	2011-09-30	0.758971	1.317570e+5	16.890	14.430	21.910	14.430	14.430	16.890	14.430	16.890	0.510	0.000000	17.27	14.43	0.00	44
ORA	2011-09-29	0.772075	1.295210e+5	16.960	14.430	21.910	14.430	14.430	16.890	14.430	16.960	0.620	0.000000	17.35	14.43	0.00	45
ORA	2011-09-28	0.780079	1.281920e+5	16.960	14.430	22.050	14.430	14.430	16.890	14.430	16.960	0.790	0.000000	17.35	14.43	0.00	46
ORA	2011-09-27	0.779557	1.282780e+5	16.960	14.430	22.120	14.430	14.430	16.540	14.430	16.960	1.120	0.000000	17.35	14.43	0.00	47
ORA	2011-09-26	0.761639	1.312960e+5	16.960	14.430	22.900	14.430	14.430	15.920	14.430	16.960	1.560	0.000000	17.34	14.43	0.00	48
ORA	2011-09-23	0.719620	1.389620e+5	16.960	14.430	22.900	14.430	14.430	15.920	14.430	16.960	0.740	0.000000	17.32	14.43	0.00	49
ORA	2011-09-22	0.718547	1.391700e+5	16.960	14.670	22.900	14.670	14.670	15.920	14.670	16.960	0.930	0.000000	17.32	14.67	0.00	50
ORA	2011-09-21	0.707418	1.413590e+5	16.960	14.670	22.900	14.670	14.670	15.920	14.670	16.960	1.040	0.000000	17.31	14.67	0.00	51
ORA	2011-09-20	0.689914	1.449460e+5	16.960	14.670	22.900	14.670	14.670	15.920	14.670	16.960	0.600	0.000000	17.30	14.67	0.00	52
ORA	2011-09-19	0.694646	1.439580e+5	16.960	14.670	22.900	14.670	14.670	15.920	14.670	16.960	0.720	0.000000	17.31	14.67	0.00	53
