#Header line 	date 	volatility 	unit 		brkh20 	brkl20 	brkh55 	brkl55 	low10 	high10 	low20 	high20 	truerng	ignore20	add 	sellall	normalizedprice
HCBK	2011-12-01	0.246798	4.051890e+5	5.910	5.090	6.290	5.090	5.090	5.630	5.090	5.910	0.260	0.000000	6.03	5.09	0.00	1
HCBK	2011-11-30	0.246103	4.063330e+5	5.910	5.090	6.290	5.090	5.090	5.680	5.090	5.910	0.450	0.000000	6.03	5.09	0.00	2
HCBK	2011-11-29	0.235372	4.248600e+5	6.250	5.090	6.290	5.090	5.090	5.680	5.090	6.250	0.110	0.000000	6.37	5.09	0.00	3
HCBK	2011-11-28	0.241970	4.132740e+5	6.290	5.090	6.290	5.090	5.090	5.750	5.090	6.290	0.210	0.000000	6.41	5.09	0.00	4
HCBK	2011-11-25	0.243653	4.104200e+5	6.290	5.090	6.290	5.090	5.090	5.750	5.090	6.290	0.160	0.000000	6.41	5.09	0.00	5
HCBK	2011-11-23	0.248056	4.031350e+5	6.290	5.280	6.290	5.280	5.280	5.750	5.280	6.290	0.190	0.000000	6.41	5.28	0.00	6
HCBK	2011-11-22	0.251111	3.982300e+5	6.290	5.350	6.290	5.310	5.350	5.910	5.350	6.290	0.190	0.000000	6.42	5.35	0.00	7
HCBK	2011-11-21	0.254328	3.931930e+5	6.290	5.480	6.290	5.310	5.480	5.910	5.480	6.290	0.220	0.000000	6.42	5.48	0.00	8
HCBK	2011-11-18	0.256135	3.904200e+5	6.290	5.510	6.290	5.310	5.510	5.910	5.510	6.290	0.150	0.000000	6.42	5.51	0.00	9
HCBK	2011-11-17	0.261721	3.820870e+5	6.290	5.600	6.290	5.310	5.600	5.910	5.600	6.290	0.230	0.000000	6.42	5.60	0.00	10
HCBK	2011-11-16	0.263390	3.796650e+5	6.290	5.600	6.290	5.310	5.600	5.910	5.600	6.290	0.170	0.000000	6.42	5.60	0.00	11
HCBK	2011-11-15	0.268305	3.727100e+5	6.290	5.600	6.290	5.310	5.600	5.910	5.600	6.290	0.180	0.000000	6.42	5.60	0.00	12
HCBK	2011-11-14	0.272953	3.663630e+5	6.290	5.600	6.290	5.310	5.600	6.250	5.600	6.290	0.210	0.000000	6.43	5.60	0.00	13
HCBK	2011-11-11	0.276266	3.619700e+5	6.290	5.600	6.290	5.310	5.600	6.290	5.600	6.290	0.090	0.000000	6.43	5.60	0.00	14
HCBK	2011-11-10	0.286070	3.495650e+5	6.290	5.600	6.290	5.310	5.600	6.290	5.600	6.290	0.210	0.000000	6.43	5.60	0.00	15
HCBK	2011-11-09	0.290074	3.447400e+5	6.290	5.600	6.290	5.310	5.670	6.290	5.600	6.290	0.310	0.000000	6.44	5.60	0.00	16
HCBK	2011-11-08	0.289025	3.459910e+5	6.290	5.600	6.290	5.310	5.670	6.290	5.600	6.290	0.220	0.000000	6.43	5.60	0.00	17
HCBK	2011-11-07	0.292658	3.416960e+5	6.290	5.600	6.290	5.310	5.670	6.290	5.600	6.290	0.190	0.000000	6.44	5.60	0.00	18
HCBK	2011-11-04	0.298061	3.355020e+5	6.290	5.440	6.290	5.310	5.670	6.290	5.440	6.290	0.300	0.000000	6.44	5.44	0.00	19
HCBK	2011-11-03	0.297959	3.356170e+5	6.290	5.440	6.290	5.310	5.670	6.290	5.440	6.290	0.260	0.000000	6.44	5.44	0.00	20
HCBK	2011-11-02	0.299956	3.333820e+5	6.290	5.440	6.290	5.310	5.670	6.290	5.440	6.290	0.210	0.000000	6.44	5.44	0.00	21
HCBK	2011-11-01	0.304691	3.282010e+5	6.290	5.440	6.410	5.310	5.800	6.290	5.440	6.290	0.610	0.000000	6.44	5.44	0.00	22
HCBK	2011-10-31	0.288622	3.464740e+5	6.290	5.310	6.410	5.310	5.600	6.290	5.310	6.290	0.180	0.000000	6.43	5.31	0.00	23
HCBK	2011-10-28	0.294339	3.397440e+5	6.200	5.310	6.410	5.310	5.600	6.200	5.310	6.200	0.210	0.000000	6.35	5.31	0.00	24
HCBK	2011-10-27	0.298778	3.346970e+5	6.180	5.310	6.410	5.310	5.600	6.180	5.310	6.180	0.450	0.000000	6.33	5.31	0.00	25
HCBK	2011-10-26	0.290819	3.438570e+5	6.180	5.310	6.830	5.310	5.600	6.180	5.310	6.180	0.490	0.000000	6.33	5.31	0.00	26
HCBK	2011-10-25	0.280336	3.567150e+5	6.180	5.310	6.830	5.310	5.600	6.180	5.310	6.180	0.160	0.000000	6.32	5.31	0.00	27
HCBK	2011-10-24	0.286669	3.488340e+5	6.180	5.310	7.360	5.310	5.600	6.180	5.310	6.180	0.150	0.000000	6.32	5.31	0.00	28
HCBK	2011-10-21	0.293862	3.402960e+5	6.050	5.310	7.540	5.310	5.440	6.050	5.310	6.050	0.210	0.000000	6.20	5.31	0.00	29
HCBK	2011-10-20	0.298276	3.352600e+5	6.050	5.310	7.650	5.310	5.440	6.050	5.310	6.050	0.320	0.000000	6.20	5.31	0.00	30
HCBK	2011-10-19	0.297133	3.365500e+5	6.050	5.310	7.830	5.310	5.440	6.050	5.310	6.050	0.190	0.000000	6.20	5.31	0.00	31
HCBK	2011-10-18	0.302771	3.302820e+5	6.050	5.310	8.120	5.310	5.440	6.050	5.310	6.050	0.390	0.000000	6.20	5.31	0.00	32
HCBK	2011-10-17	0.298180	3.353680e+5	6.050	5.310	8.250	5.310	5.310	6.050	5.310	6.050	0.290	0.000000	6.20	5.31	0.00	33
HCBK	2011-10-14	0.298611	3.348840e+5	6.050	5.310	8.270	5.310	5.310	6.050	5.310	6.050	0.250	0.000000	6.20	5.31	0.00	34
HCBK	2011-10-13	0.301169	3.320390e+5	6.160	5.310	8.270	5.310	5.310	6.050	5.310	6.160	0.290	0.000000	6.31	5.31	0.00	35
HCBK	2011-10-12	0.301757	3.313920e+5	6.160	5.310	8.300	5.310	5.310	5.930	5.310	6.160	0.230	0.000000	6.31	5.31	0.00	36
HCBK	2011-10-11	0.305534	3.272960e+5	6.160	5.310	8.300	5.310	5.310	5.860	5.310	6.160	0.260	0.000000	6.31	5.31	0.00	37
HCBK	2011-10-10	0.307930	3.247490e+5	6.160	5.310	8.330	5.310	5.310	5.860	5.310	6.160	0.330	0.000000	6.31	5.31	0.00	38
HCBK	2011-10-07	0.306769	3.259790e+5	6.160	5.310	8.330	5.310	5.310	5.860	5.310	6.160	0.490	0.000000	6.31	5.31	0.00	39
HCBK	2011-10-06	0.297125	3.365590e+5	6.160	5.310	8.330	5.310	5.310	5.860	5.310	6.160	0.340	0.000000	6.31	5.31	0.00	40
HCBK	2011-10-05	0.294868	3.391340e+5	6.160	5.310	8.330	5.310	5.310	5.860	5.310	6.160	0.210	0.000000	6.31	5.31	0.00	41
HCBK	2011-10-04	0.299335	3.340740e+5	6.160	5.310	8.330	5.310	5.310	5.940	5.310	6.160	0.450	0.000000	6.31	5.31	0.00	42
HCBK	2011-10-03	0.291405	3.431650e+5	6.160	5.460	8.330	5.460	5.460	5.940	5.460	6.160	0.420	0.000000	6.31	5.46	0.00	43
HCBK	2011-09-30	0.284637	3.513240e+5	6.160	5.460	8.330	5.460	5.460	6.030	5.460	6.160	0.200	0.000000	6.30	5.46	0.00	44
HCBK	2011-09-29	0.289092	3.459110e+5	6.210	5.460	8.410	5.460	5.460	6.160	5.460	6.210	0.360	0.000000	6.35	5.46	0.00	45
HCBK	2011-09-28	0.285360	3.504350e+5	6.210	5.460	8.410	5.460	5.460	6.160	5.460	6.210	0.330	0.000000	6.35	5.46	0.00	46
HCBK	2011-09-27	0.283010	3.533440e+5	6.210	5.460	8.410	5.460	5.460	6.160	5.460	6.210	0.340	0.000000	6.35	5.46	0.00	47
HCBK	2011-09-26	0.280011	3.571290e+5	6.210	5.460	8.410	5.460	5.460	6.160	5.460	6.210	0.220	0.000000	6.35	5.46	0.00	48
HCBK	2011-09-23	0.283169	3.531460e+5	6.210	5.460	8.530	5.460	5.460	6.160	5.460	6.210	0.250	0.000000	6.35	5.46	0.00	49
HCBK	2011-09-22	0.284915	3.509820e+5	6.210	5.460	8.530	5.460	5.460	6.160	5.460	6.210	0.270	0.000000	6.35	5.46	0.00	50
HCBK	2011-09-21	0.285700	3.500170e+5	6.210	5.530	8.530	5.500	5.530	6.160	5.530	6.210	0.510	0.000000	6.35	5.53	0.00	51
HCBK	2011-09-20	0.273895	3.651040e+5	6.210	5.500	8.530	5.500	5.530	6.160	5.500	6.210	0.200	0.000000	6.35	5.50	0.00	52
HCBK	2011-09-19	0.277784	3.599920e+5	6.210	5.500	8.530	5.500	5.530	6.160	5.500	6.210	0.270	0.000000	6.35	5.50	0.00	53
