#Header line 	date 	volatility 	unit 		brkh20 	brkl20 	brkh55 	brkl55 	low10 	high10 	low20 	high20 	truerng	ignore20	add 	sellall	normalizedprice
BMS	2011-12-01	0.713309	1.401920e+5	29.490	27.530	31.990	27.530	27.530	29.490	27.530	29.490	0.580	0.000000	29.85	27.53	0.00	1
BMS	2011-11-30	0.720325	1.388260e+5	29.290	27.530	31.990	27.530	27.530	28.750	27.530	29.290	1.120	0.000000	29.65	27.53	0.00	2
BMS	2011-11-29	0.699289	1.430020e+5	29.290	27.530	31.990	27.530	27.530	28.750	27.530	29.290	0.330	0.000000	29.64	27.53	0.00	3
BMS	2011-11-28	0.718726	1.391350e+5	29.290	27.530	31.990	27.530	27.530	28.860	27.530	29.290	0.890	0.000000	29.65	27.53	0.00	4
BMS	2011-11-25	0.709711	1.409020e+5	29.290	27.530	31.990	27.530	27.530	28.860	27.530	29.290	0.410	0.000000	29.64	27.53	0.00	5
BMS	2011-11-23	0.725485	1.378390e+5	29.290	27.670	31.990	27.670	27.790	28.860	27.670	29.290	0.580	0.000000	29.65	27.67	0.00	6
BMS	2011-11-22	0.733143	1.363990e+5	31.500	27.670	31.990	27.670	27.790	29.290	27.670	31.500	0.610	0.000000	31.87	27.67	0.00	7
BMS	2011-11-21	0.739624	1.352040e+5	31.990	27.670	31.990	27.670	27.980	29.290	27.670	31.990	0.500	0.000000	32.36	27.67	0.00	8
BMS	2011-11-18	0.752236	1.329370e+5	31.990	27.670	31.990	27.670	28.000	29.290	27.670	31.990	0.390	0.000000	32.37	27.67	0.00	9
BMS	2011-11-17	0.771301	1.296510e+5	31.990	27.670	31.990	27.670	28.260	29.290	27.670	31.990	0.770	0.000000	32.38	27.67	0.00	10
BMS	2011-11-16	0.771369	1.296400e+5	31.990	27.670	31.990	27.670	27.890	29.290	27.670	31.990	0.670	0.000000	32.38	27.67	0.00	11
BMS	2011-11-15	0.776704	1.287490e+5	31.990	27.670	31.990	27.670	27.670	29.290	27.670	31.990	0.420	0.000000	32.38	27.67	0.00	12
BMS	2011-11-14	0.795478	1.257110e+5	31.990	27.670	31.990	27.670	27.670	29.290	27.670	31.990	0.540	0.000000	32.39	27.67	0.00	13
BMS	2011-11-11	0.808924	1.236210e+5	31.990	27.670	31.990	27.670	27.670	29.290	27.670	31.990	0.680	0.000000	32.39	27.67	0.00	14
BMS	2011-11-10	0.815710	1.225930e+5	31.990	27.670	31.990	27.670	27.670	29.290	27.670	31.990	0.470	0.000000	32.40	27.67	0.00	15
BMS	2011-11-09	0.833905	1.199180e+5	31.990	27.670	31.990	27.670	27.670	29.290	27.670	31.990	1.140	0.000000	32.41	27.67	0.00	16
BMS	2011-11-08	0.817795	1.222800e+5	31.990	27.670	31.990	27.670	27.670	31.500	27.670	31.990	0.610	0.000000	32.40	27.67	0.00	17
BMS	2011-11-07	0.828731	1.206660e+5	31.990	27.670	31.990	27.670	27.670	31.990	27.670	31.990	0.540	0.000000	32.40	27.67	0.00	18
BMS	2011-11-04	0.843928	1.184940e+5	31.990	27.670	31.990	27.670	27.670	31.990	27.670	31.990	0.780	0.000000	32.41	27.67	0.00	19
BMS	2011-11-03	0.847292	1.180230e+5	31.990	27.670	31.990	27.670	27.670	31.990	27.670	31.990	0.450	0.000000	32.41	27.67	0.00	20
BMS	2011-11-02	0.868203	1.151800e+5	31.990	27.670	31.990	27.670	27.670	31.990	27.670	31.990	0.510	0.000000	32.42	27.67	0.00	21
BMS	2011-11-01	0.887055	1.127330e+5	31.990	28.020	31.990	28.020	28.020	31.990	28.020	31.990	0.900	0.000000	32.43	28.02	0.00	22
BMS	2011-10-31	0.886374	1.128190e+5	31.990	28.020	31.990	28.020	28.020	31.990	28.020	31.990	0.400	0.000000	32.43	28.02	0.00	23
BMS	2011-10-28	0.911973	1.096520e+5	31.990	28.020	31.990	28.020	28.020	31.990	28.020	31.990	0.390	0.000000	32.45	28.02	0.00	24
BMS	2011-10-27	0.939445	1.064460e+5	31.990	28.020	31.990	28.020	28.020	31.990	28.020	31.990	1.000	0.000000	32.46	28.02	0.00	25
BMS	2011-10-26	0.936258	1.068080e+5	31.990	28.230	31.990	28.230	30.260	31.990	28.230	31.990	4.150	0.000000	32.46	28.23	0.00	26
BMS	2011-10-25	0.767113	1.303590e+5	31.990	28.230	31.990	28.230	30.260	31.990	28.230	31.990	0.580	0.000000	32.37	28.23	0.00	27
BMS	2011-10-24	0.776962	1.287070e+5	31.580	28.230	31.580	28.230	30.260	31.580	28.230	31.580	0.640	0.000000	31.97	28.23	0.00	28
BMS	2011-10-21	0.784170	1.275230e+5	30.970	28.230	31.250	28.230	29.620	30.970	28.230	30.970	0.860	0.000000	31.36	28.23	0.00	29
BMS	2011-10-20	0.780179	1.281760e+5	30.970	28.230	31.290	28.230	29.620	30.970	28.230	30.970	0.680	0.000000	31.36	28.23	0.00	30
BMS	2011-10-19	0.785452	1.273150e+5	30.970	28.230	31.290	28.230	29.620	30.970	28.230	30.970	0.610	0.000000	31.36	28.23	0.00	31
BMS	2011-10-18	0.794686	1.258360e+5	30.970	28.230	31.590	28.230	29.270	30.970	28.230	30.970	1.030	0.000000	31.37	28.23	0.00	32
BMS	2011-10-17	0.782301	1.278280e+5	30.970	28.230	31.600	28.230	28.230	30.970	28.230	30.970	0.800	0.000000	31.36	28.23	0.00	33
BMS	2011-10-14	0.781369	1.279800e+5	31.250	28.230	31.960	28.230	28.230	30.680	28.230	31.250	0.410	0.000000	31.64	28.23	0.00	34
BMS	2011-10-13	0.800915	1.248570e+5	31.250	28.230	32.140	28.230	28.230	30.680	28.230	31.250	0.530	0.000000	31.65	28.23	0.00	35
BMS	2011-10-12	0.815174	1.226730e+5	31.250	28.230	33.650	28.230	28.230	30.420	28.230	31.250	0.580	0.000000	31.66	28.23	0.00	36
BMS	2011-10-11	0.827551	1.208380e+5	31.250	28.230	33.830	28.230	28.230	30.670	28.230	31.250	0.330	0.000000	31.66	28.23	0.00	37
BMS	2011-10-10	0.853738	1.171320e+5	31.250	28.230	33.950	28.230	28.230	30.670	28.230	31.250	0.800	0.000000	31.68	28.23	0.00	38
BMS	2011-10-07	0.856567	1.167450e+5	31.250	28.230	34.140	28.230	28.230	30.670	28.230	31.250	0.730	0.000000	31.68	28.23	0.00	39
BMS	2011-10-06	0.863228	1.158440e+5	31.250	28.230	34.140	28.230	28.230	30.670	28.230	31.250	0.930	0.000000	31.68	28.23	0.00	40
BMS	2011-10-05	0.859714	1.163180e+5	31.250	28.230	34.140	28.230	28.230	30.670	28.230	31.250	0.710	0.000000	31.68	28.23	0.00	41
BMS	2011-10-04	0.867593	1.152610e+5	31.250	28.230	34.140	28.230	28.230	30.670	28.230	31.250	1.870	0.000000	31.68	28.23	0.00	42
BMS	2011-10-03	0.814835	1.227240e+5	31.250	29.210	34.210	28.600	29.210	30.710	29.210	31.250	1.130	0.000000	31.66	29.21	0.00	43
BMS	2011-09-30	0.798247	1.252740e+5	31.250	29.210	34.210	28.600	29.210	31.250	29.210	31.250	0.980	0.000000	31.65	29.21	0.00	44
BMS	2011-09-29	0.788682	1.267940e+5	31.250	29.210	34.210	28.600	29.210	31.250	29.210	31.250	0.800	0.000000	31.64	29.21	0.00	45
BMS	2011-09-28	0.788086	1.268900e+5	31.250	29.210	34.210	28.600	29.210	31.250	29.210	31.250	1.100	0.000000	31.64	29.21	0.00	46
BMS	2011-09-27	0.771669	1.295890e+5	31.250	29.210	34.210	28.600	29.210	31.250	29.210	31.250	1.300	0.000000	31.64	29.21	0.00	47
BMS	2011-09-26	0.743862	1.344330e+5	31.250	29.210	34.210	28.600	29.210	31.250	29.210	31.250	0.750	0.000000	31.62	29.21	0.00	48
BMS	2011-09-23	0.743539	1.344920e+5	31.250	29.210	34.250	28.600	29.210	31.250	29.210	31.250	0.500	0.000000	31.62	29.21	0.00	49
BMS	2011-09-22	0.756357	1.322130e+5	31.250	29.250	34.250	28.600	29.250	31.250	29.250	31.250	1.350	0.000000	31.63	29.25	0.00	50
BMS	2011-09-21	0.725113	1.379100e+5	31.250	29.250	34.250	28.600	29.250	31.250	29.250	31.250	0.680	0.000000	31.61	29.25	0.00	51
BMS	2011-09-20	0.727487	1.374590e+5	31.250	28.600	34.250	28.600	29.250	31.250	28.600	31.250	0.560	0.000000	31.61	28.60	0.00	52
BMS	2011-09-19	0.736302	1.358140e+5	31.250	28.600	34.250	28.600	29.250	31.250	28.600	31.250	0.940	0.000000	31.62	28.60	0.00	53
