#Header line 	date 	volatility 	unit 		brkh20 	brkl20 	brkh55 	brkl55 	low10 	high10 	low20 	high20 	truerng	ignore20	add 	sellall	normalizedprice
ECA	2011-12-01	0.640993	1.560080e+5	21.680	18.690	23.640	18.690	18.690	20.550	18.690	21.680	0.410	0.000000	22.00	18.69	0.00	1
ECA	2011-11-30	0.653151	1.531040e+5	21.680	18.690	23.640	18.690	18.690	19.960	18.690	21.680	0.780	0.000000	22.01	18.69	0.00	2
ECA	2011-11-29	0.646474	1.546850e+5	21.680	18.690	23.640	18.690	18.690	19.980	18.690	21.680	0.910	0.000000	22.00	18.69	0.00	3
ECA	2011-11-28	0.632605	1.580770e+5	21.680	18.690	23.640	18.690	18.690	20.260	18.690	21.680	0.440	0.000000	22.00	18.69	0.00	4
ECA	2011-11-25	0.642742	1.555830e+5	22.300	18.690	23.650	18.690	18.690	20.580	18.690	22.300	0.280	0.000000	22.62	18.69	0.00	5
ECA	2011-11-24	0.661833	1.510950e+5	22.300	18.930	24.000	18.930	18.930	20.580	18.930	22.300	0.430	0.000000	22.63	18.93	0.00	6
ECA	2011-11-23	0.674035	1.483600e+5	22.300	19.550	24.000	19.540	19.550	20.580	19.550	22.300	0.680	0.000000	22.64	19.55	0.00	7
ECA	2011-11-22	0.673721	1.484290e+5	22.300	19.600	24.520	19.540	19.600	21.410	19.600	22.300	0.360	0.000000	22.64	19.60	0.00	8
ECA	2011-11-21	0.690233	1.448790e+5	22.300	19.600	24.970	19.540	19.600	21.600	19.600	22.300	0.700	0.000000	22.65	19.60	0.00	9
ECA	2011-11-18	0.689719	1.449870e+5	22.300	19.600	24.970	19.540	19.600	21.600	19.600	22.300	0.390	0.000000	22.64	19.60	0.00	10
ECA	2011-11-17	0.705494	1.417450e+5	22.300	19.600	24.970	19.540	19.600	21.680	19.600	22.300	0.540	0.000000	22.65	19.60	0.00	11
ECA	2011-11-16	0.714204	1.400160e+5	22.300	19.980	24.970	19.540	19.980	21.680	19.980	22.300	0.860	0.000000	22.66	19.98	0.00	12
ECA	2011-11-15	0.706530	1.415370e+5	22.300	20.260	24.970	19.540	20.260	21.680	20.260	22.300	0.550	0.000000	22.65	20.26	0.00	13
ECA	2011-11-14	0.714769	1.399050e+5	22.300	20.270	24.970	19.540	20.480	21.680	20.270	22.300	0.620	0.000000	22.66	20.27	0.00	14
ECA	2011-11-11	0.719757	1.389360e+5	22.300	20.270	24.970	19.540	20.480	22.300	20.270	22.300	0.340	0.000000	22.66	20.27	0.00	15
ECA	2011-11-10	0.739744	1.351820e+5	22.300	20.270	24.970	19.540	20.490	22.300	20.270	22.300	0.780	0.000000	22.67	20.27	0.00	16
ECA	2011-11-09	0.737625	1.355700e+5	22.300	20.270	24.970	19.540	20.710	22.300	20.270	22.300	0.920	0.000000	22.67	20.27	0.00	17
ECA	2011-11-08	0.728026	1.373580e+5	22.300	20.060	24.970	19.540	20.710	22.300	20.060	22.300	0.570	0.000000	22.66	20.06	0.00	18
ECA	2011-11-07	0.736344	1.358060e+5	22.300	19.710	24.970	19.540	20.710	22.300	19.710	22.300	0.390	0.000000	22.67	19.71	0.00	19
ECA	2011-11-04	0.754572	1.325250e+5	22.300	19.710	25.260	19.540	20.710	22.300	19.710	22.300	0.470	0.000000	22.68	19.71	0.00	20
ECA	2011-11-03	0.769550	1.299460e+5	22.300	19.590	25.260	19.540	20.440	22.300	19.590	22.300	0.910	0.000000	22.68	19.59	0.00	21
ECA	2011-11-02	0.762157	1.312060e+5	22.300	19.590	25.750	19.540	20.440	22.300	19.590	22.300	0.360	0.000000	22.68	19.59	0.00	22
ECA	2011-11-01	0.783324	1.276610e+5	22.300	19.540	25.750	19.540	20.440	22.300	19.540	22.300	1.100	0.000000	22.69	19.54	0.00	23
ECA	2011-10-31	0.766656	1.304370e+5	22.300	19.540	25.760	19.540	20.270	22.300	19.540	22.300	0.700	0.000000	22.68	19.54	0.00	24
ECA	2011-10-28	0.770165	1.298420e+5	21.950	19.540	25.760	19.540	20.270	21.950	19.540	21.950	0.550	0.000000	22.34	19.54	0.00	25
ECA	2011-10-27	0.781752	1.279180e+5	21.100	19.540	25.760	19.540	20.270	21.100	19.540	21.100	1.210	0.000000	21.49	19.54	0.00	26
ECA	2011-10-26	0.759213	1.317150e+5	21.100	19.540	25.760	19.540	20.270	21.100	19.540	21.100	0.440	0.000000	21.48	19.54	0.00	27
ECA	2011-10-25	0.776014	1.288640e+5	21.100	19.540	25.760	19.540	20.060	21.100	19.540	21.100	0.590	0.000000	21.49	19.54	0.00	28
ECA	2011-10-24	0.785804	1.272580e+5	21.100	19.540	25.760	19.540	19.710	21.100	19.540	21.100	0.330	0.000000	21.49	19.54	0.00	29
ECA	2011-10-21	0.809793	1.234880e+5	21.080	19.540	27.160	19.540	19.710	21.080	19.540	21.080	0.670	0.000000	21.48	19.54	0.00	30
ECA	2011-10-20	0.817151	1.223760e+5	21.740	19.540	27.160	19.540	19.590	21.080	19.540	21.740	1.070	0.000000	22.15	19.54	0.00	31
ECA	2011-10-19	0.803843	1.244020e+5	22.690	19.540	28.030	19.540	19.590	21.080	19.540	22.690	0.460	0.000000	23.09	19.54	0.00	32
ECA	2011-10-18	0.821940	1.216630e+5	22.700	19.540	28.270	19.540	19.540	21.080	19.540	22.700	0.950	0.000000	23.11	19.54	0.00	33
ECA	2011-10-17	0.815200	1.226690e+5	23.280	19.540	28.270	19.540	19.540	21.080	19.540	23.280	0.970	0.000000	23.69	19.54	0.00	34
ECA	2011-10-14	0.807053	1.239080e+5	23.640	19.540	28.600	19.540	19.540	20.780	19.540	23.640	0.510	0.000000	24.04	19.54	0.00	35
ECA	2011-10-13	0.822687	1.215530e+5	23.640	19.540	28.800	19.540	19.540	20.780	19.540	23.640	0.620	0.000000	24.05	19.54	0.00	36
ECA	2011-10-12	0.833355	1.199970e+5	23.640	19.540	28.920	19.540	19.540	21.060	19.540	23.640	0.940	0.000000	24.06	19.54	0.00	37
ECA	2011-10-11	0.827742	1.208110e+5	23.640	19.540	29.650	19.540	19.540	21.060	19.540	23.640	0.490	0.000000	24.05	19.54	0.00	38
ECA	2011-10-07	0.845518	1.182710e+5	23.640	19.540	29.830	19.540	19.540	21.060	19.540	23.640	1.150	0.000000	24.06	19.54	0.00	39
ECA	2011-10-06	0.829493	1.205560e+5	23.650	19.540	29.830	19.540	19.540	21.060	19.540	23.650	1.270	0.000000	24.06	19.54	0.00	40
ECA	2011-10-05	0.806308	1.240220e+5	24.000	19.540	29.830	19.540	19.540	21.740	19.540	24.000	0.650	0.000000	24.40	19.54	0.00	41
ECA	2011-10-04	0.814535	1.227690e+5	24.000	19.540	29.830	19.540	19.540	22.690	19.540	24.000	1.200	0.000000	24.41	19.54	0.00	42
ECA	2011-10-03	0.794247	1.259050e+5	24.520	20.170	29.830	20.170	20.170	22.700	20.170	24.520	0.790	0.000000	24.92	20.17	0.00	43
ECA	2011-09-30	0.794471	1.258700e+5	24.970	20.210	29.830	20.210	20.210	23.280	20.210	24.970	0.480	0.000000	25.37	20.21	0.00	44
ECA	2011-09-29	0.811022	1.233010e+5	24.970	20.210	29.830	20.210	20.210	23.640	20.210	24.970	0.840	0.000000	25.38	20.21	0.00	45
ECA	2011-09-28	0.809497	1.235340e+5	24.970	20.690	29.830	20.690	20.690	23.640	20.690	24.970	1.000	0.000000	25.37	20.69	0.00	46
ECA	2011-09-27	0.799470	1.250830e+5	24.970	20.690	29.830	20.690	20.690	23.640	20.690	24.970	1.010	0.000000	25.37	20.69	0.00	47
ECA	2011-09-26	0.788389	1.268410e+5	24.970	20.690	29.830	20.690	20.690	23.640	20.690	24.970	0.750	0.000000	25.36	20.69	0.00	48
ECA	2011-09-23	0.790410	1.265170e+5	24.970	20.830	29.830	20.830	20.830	23.640	20.830	24.970	0.430	0.000000	25.37	20.83	0.00	49
ECA	2011-09-22	0.809379	1.235520e+5	24.970	21.740	29.830	21.740	21.740	23.650	21.740	24.970	1.320	0.000000	25.37	21.74	0.00	50
ECA	2011-09-21	0.782504	1.277950e+5	24.970	22.540	29.830	22.540	22.540	24.000	22.540	24.970	1.150	0.000000	25.36	22.54	0.00	51
ECA	2011-09-20	0.763162	1.310340e+5	24.970	22.540	29.830	22.540	22.540	24.000	22.540	24.970	0.630	0.000000	25.35	22.54	0.00	52
ECA	2011-09-19	0.770171	1.298410e+5	24.970	22.540	29.830	22.540	22.540	24.520	22.540	24.970	0.820	0.000000	25.36	22.54	0.00	53
