#Header line 	date 	volatility 	unit 		brkh20 	brkl20 	brkh55 	brkl55 	low10 	high10 	low20 	high20 	truerng	ignore20	add 	sellall	normalizedprice
GE	2011-12-01	0.457346	2.186530e+5	16.670	14.700	17.370	14.690	14.700	15.950	14.700	16.670	0.270	0.000000	16.90	14.70	0.00	1
GE	2011-11-30	0.467206	2.140380e+5	16.670	14.700	17.370	14.690	14.700	16.200	14.700	16.670	0.990	0.000000	16.90	14.70	0.00	2
GE	2011-11-29	0.439691	2.274320e+5	16.710	14.700	17.370	14.690	14.700	16.200	14.700	16.710	0.350	0.000000	16.93	14.70	0.00	3
GE	2011-11-28	0.444412	2.250170e+5	17.250	14.700	17.370	14.690	14.700	16.300	14.700	17.250	0.570	0.000000	17.47	14.70	0.00	4
GE	2011-11-25	0.437802	2.284140e+5	17.370	14.730	17.370	14.690	14.730	16.300	14.730	17.370	0.320	0.000000	17.59	14.73	0.00	5
GE	2011-11-23	0.444002	2.252240e+5	17.370	14.990	17.370	14.690	14.990	16.300	14.990	17.370	0.270	0.000000	17.59	14.99	0.00	6
GE	2011-11-22	0.453160	2.206730e+5	17.370	15.240	17.370	14.690	15.240	16.480	15.240	17.370	0.310	0.000000	17.60	15.24	0.00	7
GE	2011-11-21	0.460694	2.170640e+5	17.370	15.640	17.370	14.690	15.640	16.480	15.640	17.370	0.450	0.000000	17.60	15.64	0.00	8
GE	2011-11-18	0.461257	2.167990e+5	17.370	15.640	17.370	14.690	15.640	16.480	15.640	17.370	0.230	0.000000	17.60	15.64	0.00	9
GE	2011-11-17	0.473429	2.112250e+5	17.370	15.850	17.370	14.690	15.850	16.670	15.850	17.370	0.550	0.000000	17.61	15.85	0.00	10
GE	2011-11-16	0.469399	2.130390e+5	17.370	15.850	17.370	14.690	15.850	16.670	15.850	17.370	0.330	0.000000	17.60	15.85	0.00	11
GE	2011-11-15	0.476735	2.097600e+5	17.370	15.850	17.370	14.690	15.850	16.670	15.850	17.370	0.290	0.000000	17.61	15.85	0.00	12
GE	2011-11-14	0.486564	2.055230e+5	17.370	15.850	17.370	14.690	15.850	16.710	15.850	17.370	0.280	0.000000	17.61	15.85	0.00	13
GE	2011-11-11	0.497435	2.010310e+5	17.370	15.850	17.370	14.690	15.850	17.250	15.850	17.370	0.410	0.000000	17.62	15.85	0.00	14
GE	2011-11-10	0.502037	1.991880e+5	17.370	15.850	17.370	14.690	15.850	17.370	15.850	17.370	0.340	0.000000	17.62	15.85	0.00	15
GE	2011-11-09	0.510566	1.958610e+5	17.370	16.020	17.370	14.690	16.020	17.370	16.020	17.370	0.730	0.000000	17.63	16.02	0.00	16
GE	2011-11-08	0.499016	2.003940e+5	17.370	16.020	17.370	14.690	16.020	17.370	16.020	17.370	0.230	0.000000	17.62	16.02	0.00	17
GE	2011-11-07	0.513175	1.948650e+5	17.370	16.020	17.370	14.690	16.020	17.370	16.020	17.370	0.320	0.000000	17.63	16.02	0.00	18
GE	2011-11-04	0.523342	1.910800e+5	17.370	15.500	17.370	14.690	16.020	17.370	15.500	17.370	0.440	0.000000	17.63	15.50	0.00	19
GE	2011-11-03	0.527729	1.894910e+5	17.370	15.500	17.370	14.690	16.020	17.370	15.500	17.370	0.440	0.000000	17.63	15.50	0.00	20
GE	2011-11-02	0.532346	1.878480e+5	17.370	15.270	17.370	14.690	16.020	17.370	15.270	17.370	0.500	0.000000	17.64	15.27	0.00	21
GE	2011-11-01	0.534048	1.872490e+5	17.370	14.860	17.370	14.690	16.220	17.370	14.860	17.370	0.740	0.000000	17.64	14.86	0.00	22
GE	2011-10-31	0.523209	1.911280e+5	17.370	14.690	17.370	14.690	16.220	17.370	14.690	17.370	0.550	0.000000	17.63	14.69	0.00	23
GE	2011-10-28	0.521799	1.916450e+5	17.370	14.690	17.370	14.690	16.220	17.370	14.690	17.370	0.260	0.000000	17.63	14.69	0.00	24
GE	2011-10-27	0.535578	1.867140e+5	16.710	14.690	16.710	14.690	16.220	16.710	14.690	16.710	1.150	0.000000	16.98	14.69	0.00	25
GE	2011-10-26	0.503240	1.987120e+5	16.710	14.690	16.710	14.690	16.220	16.710	14.690	16.710	0.290	0.000000	16.96	14.69	0.00	26
GE	2011-10-25	0.514463	1.943780e+5	16.710	14.690	16.710	14.690	16.140	16.710	14.690	16.710	0.440	0.000000	16.97	14.69	0.00	27
GE	2011-10-24	0.518382	1.929080e+5	16.710	14.690	16.710	14.690	16.140	16.710	14.690	16.710	0.380	0.000000	16.97	14.69	0.00	28
GE	2011-10-21	0.525665	1.902350e+5	16.710	14.690	16.710	14.690	15.500	16.710	14.690	16.710	0.500	0.000000	16.97	14.69	0.00	29
GE	2011-10-20	0.527016	1.897480e+5	16.710	14.690	17.470	14.690	15.500	16.710	14.690	16.710	0.470	0.000000	16.97	14.69	0.00	30
GE	2011-10-19	0.530017	1.886730e+5	16.710	14.690	17.470	14.690	15.270	16.710	14.690	16.710	0.460	0.000000	16.98	14.69	0.00	31
GE	2011-10-18	0.533702	1.873710e+5	16.600	14.690	17.970	14.690	14.860	16.600	14.690	16.600	0.750	0.000000	16.87	14.69	0.00	32
GE	2011-10-17	0.522318	1.914540e+5	16.600	14.690	17.970	14.690	14.690	16.600	14.690	16.600	0.410	0.000000	16.86	14.69	0.00	33
GE	2011-10-14	0.528229	1.893120e+5	16.400	14.690	18.110	14.690	14.690	16.400	14.690	16.400	0.430	0.000000	16.66	14.69	0.00	34
GE	2011-10-13	0.533399	1.874770e+5	16.400	14.690	18.110	14.690	14.690	16.400	14.690	16.400	0.380	0.000000	16.67	14.69	0.00	35
GE	2011-10-12	0.541473	1.846810e+5	16.330	14.690	18.560	14.690	14.690	16.140	14.690	16.330	0.440	0.000000	16.60	14.69	0.00	36
GE	2011-10-11	0.546813	1.828780e+5	16.330	14.690	18.960	14.690	14.690	16.140	14.690	16.330	0.260	0.000000	16.60	14.69	0.00	37
GE	2011-10-10	0.561909	1.779650e+5	16.330	14.690	19.040	14.690	14.690	15.860	14.690	16.330	0.640	0.000000	16.61	14.69	0.00	38
GE	2011-10-07	0.557799	1.792760e+5	16.330	14.690	19.160	14.690	14.690	15.860	14.690	16.330	0.500	0.000000	16.61	14.69	0.00	39
GE	2011-10-06	0.560841	1.783040e+5	16.330	14.690	19.160	14.690	14.690	15.860	14.690	16.330	0.580	0.000000	16.61	14.69	0.00	40
GE	2011-10-05	0.559833	1.786250e+5	16.330	14.690	19.160	14.690	14.690	15.860	14.690	16.330	0.580	0.000000	16.61	14.69	0.00	41
GE	2011-10-04	0.558771	1.789640e+5	16.330	14.690	19.160	14.690	14.690	16.040	14.690	16.330	0.890	0.000000	16.61	14.69	0.00	42
GE	2011-10-03	0.541338	1.847270e+5	16.330	15.010	19.160	15.010	15.040	16.180	15.010	16.330	0.710	0.000000	16.60	15.01	0.00	43
GE	2011-09-30	0.532461	1.878070e+5	16.330	15.010	19.160	15.010	15.040	16.330	15.010	16.330	0.670	0.000000	16.60	15.01	0.00	44
GE	2011-09-29	0.525222	1.903960e+5	16.330	15.010	19.160	15.010	15.040	16.330	15.010	16.330	0.500	0.000000	16.59	15.01	0.00	45
GE	2011-09-28	0.526550	1.899160e+5	16.330	15.010	19.160	15.010	15.040	16.330	15.010	16.330	0.580	0.000000	16.59	15.01	0.00	46
GE	2011-09-27	0.523736	1.909360e+5	16.330	15.010	19.160	15.010	15.040	16.330	15.010	16.330	0.500	0.000000	16.59	15.01	0.00	47
GE	2011-09-26	0.524986	1.904810e+5	16.330	15.010	19.160	15.010	15.010	16.330	15.010	16.330	0.550	0.000000	16.59	15.01	0.00	48
GE	2011-09-23	0.523669	1.909600e+5	16.330	15.010	19.300	15.010	15.010	16.330	15.010	16.330	0.390	0.000000	16.59	15.01	0.00	49
GE	2011-09-22	0.530704	1.884290e+5	16.330	15.010	19.300	15.010	15.010	16.330	15.010	16.330	0.560	0.000000	16.60	15.01	0.00	50
GE	2011-09-21	0.529163	1.889780e+5	16.330	15.010	19.300	15.010	15.010	16.330	15.010	16.330	0.710	0.000000	16.59	15.01	0.00	51
GE	2011-09-20	0.519645	1.924390e+5	16.330	15.010	19.300	15.010	15.010	16.330	15.010	16.330	0.410	0.000000	16.59	15.01	0.00	52
GE	2011-09-19	0.525416	1.903260e+5	16.330	15.010	19.300	15.010	15.010	16.330	15.010	16.330	0.460	0.000000	16.59	15.01	0.00	53
