#Header line 	date 	volatility 	unit 		brkh20 	brkl20 	brkh55 	brkl55 	low10 	high10 	low20 	high20 	truerng	ignore20	add 	sellall	normalizedprice
BLD	2011-12-01	0.060712	1.647140e+6	1.410	1.250	1.500	1.180	1.250	1.340	1.250	1.410	0.090	0.000000	1.44	1.25	0.00	1
BLD	2011-11-30	0.059170	1.690050e+6	1.490	1.250	1.500	1.180	1.250	1.340	1.250	1.490	0.100	0.000000	1.52	1.25	0.00	2
BLD	2011-11-29	0.057021	1.753740e+6	1.490	1.250	1.500	1.180	1.250	1.360	1.250	1.490	0.030	0.000000	1.52	1.25	0.00	3
BLD	2011-11-28	0.058443	1.711060e+6	1.490	1.260	1.500	1.180	1.260	1.410	1.260	1.490	0.060	0.000000	1.52	1.26	0.00	4
BLD	2011-11-25	0.058361	1.713470e+6	1.490	1.270	1.500	1.180	1.270	1.410	1.270	1.490	0.040	0.000000	1.52	1.27	0.00	5
BLD	2011-11-24	0.059328	1.685560e+6	1.490	1.280	1.500	1.180	1.280	1.410	1.280	1.490	0.080	0.000000	1.52	1.28	0.00	6
BLD	2011-11-23	0.058240	1.717040e+6	1.490	1.280	1.500	1.180	1.280	1.410	1.280	1.490	0.120	0.000000	1.52	1.28	0.00	7
BLD	2011-11-22	0.054989	1.818540e+6	1.490	1.310	1.500	1.180	1.310	1.410	1.310	1.490	0.090	0.000000	1.52	1.31	0.00	8
BLD	2011-11-21	0.053146	1.881600e+6	1.490	1.320	1.500	1.180	1.320	1.410	1.320	1.490	0.040	0.000000	1.52	1.32	0.00	9
BLD	2011-11-18	0.053838	1.857410e+6	1.490	1.320	1.500	1.180	1.320	1.410	1.320	1.490	0.040	0.000000	1.52	1.32	0.00	10
BLD	2011-11-17	0.054567	1.832620e+6	1.490	1.310	1.500	1.180	1.320	1.410	1.310	1.490	0.040	0.000000	1.52	1.31	0.00	11
BLD	2011-11-16	0.055333	1.807230e+6	1.490	1.310	1.500	1.180	1.320	1.490	1.310	1.490	0.020	0.000000	1.52	1.31	0.00	12
BLD	2011-11-15	0.057193	1.748470e+6	1.490	1.310	1.500	1.180	1.320	1.490	1.310	1.490	0.050	0.000000	1.52	1.31	0.00	13
BLD	2011-11-14	0.057571	1.736970e+6	1.490	1.310	1.500	1.180	1.320	1.490	1.310	1.490	0.050	0.000000	1.52	1.31	0.00	14
BLD	2011-11-11	0.057970	1.725030e+6	1.490	1.310	1.500	1.180	1.320	1.490	1.310	1.490	0.040	0.000000	1.52	1.31	0.00	15
BLD	2011-11-10	0.058916	1.697340e+6	1.490	1.310	1.500	1.180	1.320	1.490	1.310	1.490	0.040	0.000000	1.52	1.31	0.00	16
BLD	2011-11-09	0.059911	1.669130e+6	1.490	1.310	1.500	1.180	1.370	1.490	1.310	1.490	0.050	0.000000	1.52	1.31	0.00	17
BLD	2011-11-08	0.060433	1.654720e+6	1.490	1.310	1.500	1.180	1.380	1.490	1.310	1.490	0.030	0.000000	1.52	1.31	0.00	18
BLD	2011-11-07	0.062035	1.612000e+6	1.490	1.310	1.500	1.180	1.320	1.490	1.310	1.490	0.080	0.000000	1.52	1.31	0.00	19
BLD	2011-11-04	0.061089	1.636950e+6	1.490	1.290	1.500	1.180	1.320	1.490	1.290	1.490	0.030	0.000000	1.52	1.29	0.00	20
BLD	2011-11-03	0.062726	1.594250e+6	1.490	1.260	1.500	1.180	1.310	1.490	1.260	1.490	0.100	0.000000	1.52	1.26	0.00	21
BLD	2011-11-02	0.060764	1.645720e+6	1.480	1.250	1.500	1.180	1.310	1.480	1.250	1.480	0.080	0.000000	1.51	1.25	0.00	22
BLD	2011-11-01	0.059751	1.673610e+6	1.480	1.180	1.500	1.180	1.310	1.480	1.180	1.480	0.050	0.000000	1.51	1.18	0.00	23
BLD	2011-10-31	0.060264	1.659350e+6	1.420	1.180	1.500	1.180	1.310	1.420	1.180	1.420	0.080	0.000000	1.45	1.18	0.00	24
BLD	2011-10-28	0.059226	1.688450e+6	1.410	1.180	1.500	1.180	1.310	1.410	1.180	1.410	0.030	0.000000	1.44	1.18	0.00	25
BLD	2011-10-27	0.060764	1.645710e+6	1.410	1.180	1.500	1.180	1.310	1.410	1.180	1.410	0.030	0.000000	1.44	1.18	0.00	26
BLD	2011-10-26	0.062383	1.603000e+6	1.410	1.180	1.500	1.180	1.310	1.410	1.180	1.410	0.030	0.000000	1.44	1.18	0.00	27
BLD	2011-10-25	0.064088	1.560370e+6	1.380	1.180	1.500	1.180	1.310	1.380	1.180	1.380	0.130	0.000000	1.41	1.18	0.00	28
BLD	2011-10-24	0.060618	1.649660e+6	1.380	1.180	1.500	1.180	1.310	1.380	1.180	1.380	0.030	0.000000	1.41	1.18	0.00	29
BLD	2011-10-21	0.062230	1.606940e+6	1.380	1.180	1.500	1.180	1.290	1.380	1.180	1.380	0.080	0.000000	1.41	1.18	0.00	30
BLD	2011-10-20	0.061295	1.631460e+6	1.380	1.180	1.500	1.180	1.260	1.380	1.180	1.380	0.020	0.000000	1.41	1.18	0.00	31
BLD	2011-10-19	0.063468	1.575600e+6	1.410	1.180	1.500	1.180	1.250	1.380	1.180	1.410	0.070	0.000000	1.44	1.18	0.00	32
BLD	2011-10-18	0.063124	1.584180e+6	1.410	1.180	1.500	1.180	1.180	1.380	1.180	1.410	0.020	0.000000	1.44	1.18	0.00	33
BLD	2011-10-17	0.065394	1.529190e+6	1.410	1.180	1.500	1.180	1.180	1.380	1.180	1.410	0.050	0.000000	1.44	1.18	0.00	34
BLD	2011-10-14	0.066204	1.510480e+6	1.420	1.180	1.500	1.180	1.180	1.380	1.180	1.420	0.040	0.000000	1.45	1.18	0.00	35
BLD	2011-10-13	0.067583	1.479660e+6	1.500	1.180	1.500	1.180	1.180	1.380	1.180	1.500	0.020	0.000000	1.53	1.18	0.00	36
BLD	2011-10-12	0.070088	1.426780e+6	1.500	1.180	1.520	1.180	1.180	1.360	1.180	1.500	0.040	0.000000	1.54	1.18	0.00	37
BLD	2011-10-11	0.071671	1.395260e+6	1.500	1.180	1.520	1.180	1.180	1.360	1.180	1.500	0.050	0.000000	1.54	1.18	0.00	38
BLD	2011-10-07	0.072812	1.373400e+6	1.500	1.180	1.560	1.180	1.180	1.350	1.180	1.500	0.180	0.000000	1.54	1.18	0.00	39
BLD	2011-10-06	0.067170	1.488750e+6	1.500	1.180	1.560	1.180	1.180	1.350	1.180	1.500	0.100	0.000000	1.53	1.18	0.00	40
BLD	2011-10-05	0.065443	1.528060e+6	1.500	1.180	1.560	1.180	1.180	1.360	1.180	1.500	0.070	0.000000	1.53	1.18	0.00	41
BLD	2011-10-04	0.065203	1.533680e+6	1.500	1.180	1.560	1.180	1.180	1.410	1.180	1.500	0.110	0.000000	1.53	1.18	0.00	42
BLD	2011-10-03	0.062845	1.591220e+6	1.500	1.250	1.560	1.240	1.250	1.410	1.250	1.500	0.090	0.000000	1.53	1.25	0.00	43
BLD	2011-09-30	0.061416	1.628250e+6	1.500	1.250	1.560	1.240	1.250	1.410	1.250	1.500	0.050	0.000000	1.53	1.25	0.00	44
BLD	2011-09-29	0.062017	1.612470e+6	1.500	1.280	1.560	1.240	1.280	1.420	1.280	1.500	0.070	0.000000	1.53	1.28	0.00	45
BLD	2011-09-28	0.061596	1.623470e+6	1.500	1.280	1.560	1.240	1.300	1.500	1.280	1.500	0.070	0.000000	1.53	1.28	0.00	46
BLD	2011-09-27	0.061154	1.635220e+6	1.500	1.280	1.560	1.240	1.300	1.500	1.280	1.500	0.100	0.000000	1.53	1.28	0.00	47
BLD	2011-09-26	0.059110	1.691780e+6	1.500	1.280	1.560	1.240	1.330	1.500	1.280	1.500	0.050	0.000000	1.53	1.28	0.00	48
BLD	2011-09-23	0.059589	1.678160e+6	1.500	1.270	1.560	1.240	1.330	1.500	1.270	1.500	0.090	0.000000	1.53	1.27	0.00	49
BLD	2011-09-22	0.057988	1.724480e+6	1.500	1.270	1.560	1.240	1.360	1.500	1.270	1.500	0.050	0.000000	1.53	1.27	0.00	50
BLD	2011-09-21	0.058409	1.712070e+6	1.500	1.270	1.560	1.240	1.390	1.500	1.270	1.500	0.050	0.000000	1.53	1.27	0.00	51
BLD	2011-09-20	0.058851	1.699200e+6	1.500	1.270	1.560	1.240	1.300	1.500	1.270	1.500	0.050	0.000000	1.53	1.27	0.00	52
BLD	2011-09-19	0.059317	1.685850e+6	1.500	1.270	1.560	1.240	1.280	1.500	1.270	1.500	0.060	0.000000	1.53	1.27	0.00	53
