#Header line 	date 	volatility 	unit 		brkh20 	brkl20 	brkh55 	brkl55 	low10 	high10 	low20 	high20 	truerng	ignore20	add 	sellall	normalizedprice
TFI	2011-12-02	0.382657	2.613300e+5	13.290	12.130	13.290	10.100	12.130	13.290	12.130	13.290	0.290	0.000000	13.48	12.13	0.00	1
TFI	2011-12-01	0.387534	2.580420e+5	13.290	12.130	13.290	10.100	12.130	13.290	12.130	13.290	0.170	0.000000	13.48	12.13	0.00	2
TFI	2011-11-30	0.398983	2.506370e+5	13.290	12.130	13.290	10.100	12.130	13.200	12.130	13.290	0.460	0.000000	13.49	12.13	0.00	3
TFI	2011-11-29	0.395772	2.526710e+5	13.290	12.130	13.290	10.100	12.130	13.200	12.130	13.290	0.260	0.000000	13.49	12.13	0.00	4
TFI	2011-11-28	0.402918	2.481900e+5	13.290	12.030	13.290	10.100	12.130	13.200	12.030	13.290	0.870	0.000000	13.49	12.03	0.00	5
TFI	2011-11-25	0.378334	2.643160e+5	13.290	12.030	13.290	10.100	12.130	13.290	12.030	13.290	0.160	0.000000	13.48	12.03	0.00	6
TFI	2011-11-24	0.389826	2.565250e+5	13.290	11.950	13.290	10.100	12.270	13.290	11.950	13.290	0.190	0.000000	13.48	11.95	0.00	7
TFI	2011-11-23	0.400343	2.497860e+5	13.290	11.520	13.290	10.100	12.380	13.290	11.520	13.290	0.350	0.000000	13.49	11.52	0.00	8
TFI	2011-11-22	0.402992	2.481440e+5	13.290	11.520	13.290	10.100	12.380	13.290	11.520	13.290	0.340	0.000000	13.49	11.52	0.00	9
TFI	2011-11-21	0.406308	2.461190e+5	13.290	11.520	13.290	10.100	12.380	13.290	11.520	13.290	0.220	0.000000	13.49	11.52	0.00	10
TFI	2011-11-18	0.416114	2.403190e+5	13.290	11.110	13.290	10.100	12.380	13.290	11.110	13.290	0.340	0.000000	13.50	11.11	0.00	11
TFI	2011-11-17	0.420120	2.380270e+5	13.290	10.710	13.290	10.100	12.380	13.290	10.710	13.290	0.370	0.000000	13.50	10.71	0.00	12
TFI	2011-11-16	0.422757	2.365420e+5	13.290	10.710	13.290	10.100	12.380	13.290	10.710	13.290	0.140	0.000000	13.50	10.71	0.00	13
TFI	2011-11-15	0.437639	2.284990e+5	13.290	10.710	13.290	10.100	12.370	13.290	10.710	13.290	0.180	0.000000	13.51	10.71	0.00	14
TFI	2011-11-14	0.451199	2.216320e+5	13.290	10.710	13.290	10.100	12.030	13.290	10.710	13.290	0.340	0.000000	13.52	10.71	0.00	15
TFI	2011-11-11	0.457052	2.187940e+5	12.890	10.710	12.920	10.100	12.030	12.890	10.710	12.890	0.970	0.000000	13.12	10.71	0.00	16
TFI	2011-11-10	0.430055	2.325290e+5	12.890	10.710	12.920	10.100	11.950	12.890	10.710	12.890	0.210	0.000000	13.11	10.71	0.00	17
TFI	2011-11-09	0.441637	2.264310e+5	12.890	10.710	12.920	10.100	11.520	12.890	10.710	12.890	0.510	0.000000	13.11	10.71	0.00	18
TFI	2011-11-08	0.438038	2.282900e+5	12.750	10.710	12.920	10.100	11.520	12.750	10.710	12.750	0.230	0.000000	12.97	10.71	0.00	19
TFI	2011-11-07	0.448988	2.227230e+5	12.750	10.420	13.020	10.100	11.520	12.750	10.420	12.750	0.180	0.000000	12.97	10.42	0.00	20
TFI	2011-11-04	0.463145	2.159150e+5	12.750	10.420	13.620	10.100	11.110	12.750	10.420	12.750	0.180	0.000000	12.98	10.42	0.00	21
TFI	2011-11-03	0.478047	2.091840e+5	12.650	10.240	13.650	10.100	10.710	12.650	10.240	12.650	0.340	0.000000	12.89	10.24	0.00	22
TFI	2011-11-02	0.485313	2.060530e+5	12.530	10.200	13.850	10.100	10.710	12.530	10.200	12.530	0.750	0.000000	12.77	10.20	0.00	23
TFI	2011-11-01	0.471382	2.121420e+5	12.530	10.100	13.850	10.100	10.710	12.530	10.100	12.530	1.090	0.000000	12.77	10.10	0.00	24
TFI	2011-10-31	0.438823	2.278820e+5	12.530	10.100	13.850	10.100	10.710	12.530	10.100	12.530	0.580	0.000000	12.75	10.10	0.00	25
TFI	2011-10-28	0.431393	2.318070e+5	11.950	10.100	13.850	10.100	10.710	11.950	10.100	11.950	0.580	0.000000	12.17	10.10	0.00	26
TFI	2011-10-27	0.423572	2.360880e+5	11.620	10.100	13.850	10.100	10.710	11.620	10.100	11.620	0.480	0.000000	11.83	10.10	0.00	27
TFI	2011-10-26	0.420602	2.377550e+5	11.620	10.100	13.850	10.100	10.710	11.620	10.100	11.620	0.150	0.000000	11.83	10.10	0.00	28
TFI	2011-10-25	0.434844	2.299680e+5	11.620	10.100	13.850	10.100	10.710	11.620	10.100	11.620	0.260	0.000000	11.84	10.10	0.00	29
TFI	2011-10-24	0.444046	2.252020e+5	11.400	10.100	13.850	10.100	10.420	11.400	10.100	11.400	0.570	0.000000	11.62	10.10	0.00	30
TFI	2011-10-21	0.437417	2.286150e+5	11.400	10.100	13.970	10.100	10.420	11.400	10.100	11.400	0.540	0.000000	11.62	10.10	0.00	31
TFI	2011-10-20	0.432018	2.314720e+5	11.400	10.100	13.970	10.100	10.240	11.400	10.100	11.400	0.330	0.000000	11.62	10.10	0.00	32
TFI	2011-10-19	0.437387	2.286300e+5	11.600	10.100	14.020	10.100	10.200	11.400	10.100	11.600	0.470	0.000000	11.82	10.10	0.00	33
TFI	2011-10-18	0.435671	2.295310e+5	11.930	10.100	14.200	10.100	10.100	11.270	10.100	11.930	0.600	0.000000	12.15	10.10	0.00	34
TFI	2011-10-17	0.427022	2.341800e+5	12.220	10.100	14.280	10.100	10.100	11.270	10.100	12.220	0.440	0.000000	12.43	10.10	0.00	35
TFI	2011-10-14	0.426339	2.345550e+5	12.220	10.100	14.510	10.100	10.100	11.240	10.100	12.220	0.260	0.000000	12.43	10.10	0.00	36
TFI	2011-10-13	0.435094	2.298360e+5	12.220	10.100	14.840	10.100	10.100	11.200	10.100	12.220	0.530	0.000000	12.44	10.10	0.00	37
TFI	2011-10-12	0.430099	2.325050e+5	12.220	10.100	14.840	10.100	10.100	10.950	10.100	12.220	0.480	0.000000	12.44	10.10	0.00	38
TFI	2011-10-11	0.427472	2.339330e+5	12.220	10.100	14.990	10.100	10.100	10.900	10.100	12.220	0.580	0.000000	12.43	10.10	0.00	39
TFI	2011-10-07	0.419444	2.384110e+5	12.310	10.100	14.990	10.100	10.100	10.900	10.100	12.310	0.250	0.000000	12.52	10.10	0.00	40
TFI	2011-10-06	0.428362	2.334470e+5	12.320	10.100	14.990	10.100	10.100	10.900	10.100	12.320	0.270	0.000000	12.53	10.10	0.00	41
TFI	2011-10-05	0.436697	2.289920e+5	12.480	10.100	14.990	10.100	10.100	11.010	10.100	12.480	0.500	0.000000	12.70	10.10	0.00	42
TFI	2011-10-04	0.433366	2.307520e+5	12.480	10.100	14.990	10.100	10.100	11.600	10.100	12.480	0.610	0.000000	12.70	10.10	0.00	43
TFI	2011-10-03	0.424069	2.358110e+5	12.480	10.350	14.990	10.350	10.350	11.930	10.350	12.480	0.590	0.000000	12.69	10.35	0.00	44
TFI	2011-09-30	0.415336	2.407690e+5	12.590	10.430	14.990	10.430	10.430	12.220	10.430	12.590	0.350	0.000000	12.80	10.43	0.00	45
TFI	2011-09-29	0.418775	2.387920e+5	12.920	10.600	15.150	10.600	10.600	12.220	10.600	12.920	0.580	0.000000	13.13	10.60	0.00	46
TFI	2011-09-28	0.410289	2.437310e+5	12.920	10.740	15.150	10.740	10.740	12.220	10.740	12.920	0.510	0.000000	13.13	10.74	0.00	47
TFI	2011-09-27	0.405041	2.468890e+5	12.920	10.740	15.150	10.740	10.740	12.220	10.740	12.920	0.340	0.000000	13.12	10.74	0.00	48
TFI	2011-09-26	0.408464	2.448190e+5	12.920	10.790	15.150	10.790	10.790	12.220	10.790	12.920	0.300	0.000000	13.12	10.79	0.00	49
TFI	2011-09-23	0.414173	2.414450e+5	12.920	10.850	15.150	10.850	10.850	12.310	10.850	12.920	0.200	0.000000	13.13	10.85	0.00	50
TFI	2011-09-22	0.425445	2.350480e+5	12.920	11.010	15.520	11.010	11.010	12.320	11.010	12.920	0.630	0.000000	13.13	11.01	0.00	51
TFI	2011-09-21	0.414679	2.411500e+5	12.920	11.600	15.540	11.600	11.600	12.480	11.600	12.920	0.850	0.000000	13.13	11.60	0.00	52
TFI	2011-09-20	0.391768	2.552530e+5	12.920	11.890	15.540	11.890	11.890	12.480	11.890	12.920	0.580	0.000000	13.12	11.89	0.00	53
TFI	2011-09-19	0.381861	2.618760e+5	12.920	11.890	15.540	11.890	11.890	12.480	11.890	12.920	0.580	0.000000	13.11	11.89	0.00	54
