#Header line 	date 	volatility 	unit 		brkh20 	brkl20 	brkh55 	brkl55 	low10 	high10 	low20 	high20 	truerng	ignore20	add 	sellall	normalizedprice
RPT	2011-12-02	0.339950	2.941610e+5	9.660	8.100	9.940	7.600	8.100	9.080	8.100	9.660	0.350	0.000000	9.83	8.10	0.00	1
RPT	2011-12-01	0.339421	2.946190e+5	9.660	8.100	9.940	7.600	8.100	9.100	8.100	9.660	0.380	0.000000	9.83	8.10	0.00	2
RPT	2011-11-30	0.337285	2.964850e+5	9.660	8.100	9.940	7.600	8.100	9.250	8.100	9.660	0.300	0.000000	9.83	8.10	0.00	3
RPT	2011-11-29	0.339248	2.947700e+5	9.660	8.100	9.940	7.600	8.100	9.250	8.100	9.660	0.250	0.000000	9.83	8.10	0.00	4
RPT	2011-11-28	0.343945	2.907440e+5	9.940	8.100	9.940	7.600	8.100	9.590	8.100	9.940	0.350	0.000000	10.11	8.10	0.00	5
RPT	2011-11-25	0.343626	2.910140e+5	9.940	8.170	9.940	7.600	8.170	9.590	8.170	9.940	0.210	0.000000	10.11	8.17	0.00	6
RPT	2011-11-23	0.350659	2.851770e+5	9.940	8.570	9.940	7.600	8.570	9.590	8.570	9.940	0.440	0.000000	10.12	8.57	0.00	7
RPT	2011-11-22	0.345957	2.890530e+5	9.940	8.700	9.940	7.600	8.700	9.660	8.700	9.940	0.230	0.000000	10.11	8.70	0.00	8
RPT	2011-11-21	0.352060	2.840420e+5	9.940	9.000	9.940	7.600	9.010	9.660	9.000	9.940	0.320	0.000000	10.12	9.00	0.00	9
RPT	2011-11-18	0.353747	2.826880e+5	9.940	9.000	10.030	7.600	9.080	9.660	9.000	9.940	0.190	0.000000	10.12	9.00	0.00	10
RPT	2011-11-17	0.362366	2.759640e+5	9.940	8.590	10.350	7.600	9.100	9.660	8.590	9.940	0.240	0.000000	10.12	8.59	0.00	11
RPT	2011-11-16	0.368806	2.711450e+5	9.940	8.470	10.350	7.600	9.220	9.660	8.470	9.940	0.210	0.000000	10.12	8.47	0.00	12
RPT	2011-11-15	0.377164	2.651370e+5	9.940	8.470	10.380	7.600	9.220	9.660	8.470	9.940	0.230	0.000000	10.13	8.47	0.00	13
RPT	2011-11-14	0.384910	2.598010e+5	9.940	8.150	10.380	7.600	9.220	9.660	8.150	9.940	0.390	0.000000	10.13	8.15	0.00	14
RPT	2011-11-11	0.384642	2.599820e+5	9.940	8.150	10.380	7.600	9.220	9.940	8.150	9.940	0.300	0.000000	10.13	8.15	0.00	15
RPT	2011-11-10	0.389097	2.570060e+5	9.940	8.150	10.380	7.600	9.220	9.940	8.150	9.940	0.230	0.000000	10.13	8.15	0.00	16
RPT	2011-11-09	0.397470	2.515910e+5	9.940	8.150	10.380	7.600	9.240	9.940	8.150	9.940	0.490	0.000000	10.14	8.15	0.00	17
RPT	2011-11-08	0.392600	2.547120e+5	9.940	8.150	10.380	7.600	9.000	9.940	8.150	9.940	0.490	0.000000	10.14	8.15	0.00	18
RPT	2011-11-07	0.387474	2.580820e+5	9.940	8.150	10.380	7.600	9.000	9.940	8.150	9.940	0.320	0.000000	10.13	8.15	0.00	19
RPT	2011-11-04	0.391025	2.557380e+5	9.940	7.690	10.380	7.600	9.000	9.940	7.690	9.940	0.250	0.000000	10.14	7.69	0.00	20
RPT	2011-11-03	0.398447	2.509740e+5	9.940	7.690	10.550	7.600	8.590	9.940	7.690	9.940	0.230	0.000000	10.14	7.69	0.00	21
RPT	2011-11-02	0.407313	2.455110e+5	9.940	7.690	10.550	7.600	8.470	9.940	7.690	9.940	0.320	0.000000	10.14	7.69	0.00	22
RPT	2011-11-01	0.411908	2.427720e+5	9.940	7.690	10.620	7.600	8.470	9.940	7.690	9.940	0.440	0.000000	10.15	7.69	0.00	23
RPT	2011-10-31	0.410430	2.436470e+5	9.940	7.600	10.620	7.600	8.150	9.940	7.600	9.940	0.410	0.000000	10.15	7.60	0.00	24
RPT	2011-10-28	0.410453	2.436340e+5	9.900	7.600	10.620	7.600	8.150	9.900	7.600	9.900	0.300	0.000000	10.11	7.60	0.00	25
RPT	2011-10-27	0.416266	2.402310e+5	9.250	7.600	10.620	7.600	8.150	9.250	7.600	9.250	0.800	0.000000	9.46	7.60	0.00	26
RPT	2011-10-26	0.396069	2.524810e+5	9.080	7.600	10.740	7.600	8.150	9.080	7.600	9.080	0.750	0.000000	9.28	7.60	0.00	27
RPT	2011-10-25	0.377441	2.649420e+5	9.080	7.600	10.740	7.600	8.150	9.080	7.600	9.080	0.290	0.000000	9.27	7.60	0.00	28
RPT	2011-10-24	0.382044	2.617500e+5	9.000	7.600	10.740	7.600	8.150	9.000	7.600	9.000	0.240	0.000000	9.19	7.60	0.00	29
RPT	2011-10-21	0.389520	2.567270e+5	8.600	7.600	11.200	7.600	7.690	8.590	7.600	8.600	0.410	0.000000	8.79	7.60	0.00	30
RPT	2011-10-20	0.388442	2.574390e+5	8.600	7.600	11.890	7.600	7.690	8.530	7.600	8.600	0.290	0.000000	8.79	7.60	0.00	31
RPT	2011-10-19	0.393623	2.540500e+5	8.750	7.600	11.890	7.600	7.690	8.530	7.600	8.750	0.280	0.000000	8.95	7.60	0.00	32
RPT	2011-10-18	0.399603	2.502480e+5	9.100	7.600	12.250	7.600	7.690	8.460	7.600	9.100	0.490	0.000000	9.30	7.60	0.00	33
RPT	2011-10-17	0.394845	2.532640e+5	9.170	7.600	12.270	7.600	7.600	8.460	7.600	9.170	0.230	0.000000	9.37	7.60	0.00	34
RPT	2011-10-14	0.403521	2.478180e+5	9.500	7.600	12.550	7.600	7.600	8.460	7.600	9.500	0.260	0.000000	9.70	7.60	0.00	35
RPT	2011-10-13	0.411075	2.432650e+5	9.750	7.600	12.550	7.600	7.600	8.500	7.600	9.750	0.210	0.000000	9.96	7.60	0.00	36
RPT	2011-10-12	0.421658	2.371590e+5	9.750	7.600	12.550	7.600	7.600	8.500	7.600	9.750	0.320	0.000000	9.96	7.60	0.00	37
RPT	2011-10-11	0.427008	2.341880e+5	9.750	7.600	12.550	7.600	7.600	8.600	7.600	9.750	0.330	0.000000	9.96	7.60	0.00	38
RPT	2011-10-10	0.432114	2.314200e+5	9.750	7.600	12.550	7.600	7.600	8.600	7.600	9.750	0.550	0.000000	9.97	7.60	0.00	39
RPT	2011-10-07	0.425909	2.347920e+5	9.750	7.600	12.550	7.600	7.600	8.600	7.600	9.750	0.580	0.000000	9.96	7.60	0.00	40
RPT	2011-10-06	0.417799	2.393490e+5	9.750	7.600	12.550	7.600	7.600	8.600	7.600	9.750	0.290	0.000000	9.96	7.60	0.00	41
RPT	2011-10-05	0.424526	2.355570e+5	9.860	7.600	12.550	7.600	7.600	8.750	7.600	9.860	0.610	0.000000	10.07	7.60	0.00	42
RPT	2011-10-04	0.414764	2.411010e+5	9.860	7.600	12.550	7.600	7.600	9.100	7.600	9.860	0.920	0.000000	10.07	7.60	0.00	43
RPT	2011-10-03	0.388173	2.576170e+5	9.860	8.190	12.550	8.190	8.190	9.170	8.190	9.860	0.700	0.000000	10.05	8.19	0.00	44
RPT	2011-09-30	0.371761	2.689900e+5	10.030	8.190	12.550	8.190	8.190	9.500	8.190	10.030	0.310	0.000000	10.22	8.19	0.00	45
RPT	2011-09-29	0.375011	2.666590e+5	10.350	8.190	12.620	8.190	8.190	9.750	8.190	10.350	0.330	0.000000	10.54	8.19	0.00	46
RPT	2011-09-28	0.377380	2.649850e+5	10.350	8.240	12.680	8.240	8.240	9.750	8.240	10.350	0.600	0.000000	10.54	8.24	0.00	47
RPT	2011-09-27	0.365663	2.734760e+5	10.380	8.240	12.680	8.240	8.240	9.750	8.240	10.380	0.500	0.000000	10.56	8.24	0.00	48
RPT	2011-09-26	0.358593	2.788680e+5	10.380	8.390	12.680	8.390	8.390	9.750	8.390	10.380	0.470	0.000000	10.56	8.39	0.00	49
RPT	2011-09-23	0.352729	2.835030e+5	10.380	8.390	12.680	8.390	8.390	9.750	8.390	10.380	0.180	0.000000	10.56	8.39	0.00	50
RPT	2011-09-22	0.361820	2.763800e+5	10.380	8.750	12.680	8.750	8.750	9.750	8.750	10.380	0.430	0.000000	10.56	8.75	0.00	51
RPT	2011-09-21	0.358232	2.791490e+5	10.380	9.100	12.680	9.100	9.100	9.860	9.100	10.380	0.470	0.000000	10.56	9.10	0.00	52
RPT	2011-09-20	0.352349	2.838090e+5	10.380	9.170	12.680	9.170	9.170	9.860	9.170	10.380	0.240	0.000000	10.56	9.17	0.00	53
RPT	2011-09-19	0.358263	2.791250e+5	10.380	9.500	12.680	9.500	9.500	9.860	9.500	10.380	0.340	0.000000	10.56	9.50	0.00	54
