#Header line 	date 	volatility 	unit 		brkh20 	brkl20 	brkh55 	brkl55 	low10 	high10 	low20 	high20 	truerng	ignore20	add 	sellall	normalizedprice
LINE	2011-12-01	0.859167	1.163920e+5	37.170	35.190	39.050	32.800	35.190	36.960	35.190	37.170	0.390	0.000000	37.60	35.19	0.00	1
LINE	2011-11-30	0.883860	1.131400e+5	37.690	35.190	39.050	32.800	35.190	37.170	35.190	37.690	0.910	0.000000	38.13	35.19	0.00	2
LINE	2011-11-29	0.882484	1.133160e+5	38.720	35.190	39.050	32.800	35.190	37.170	35.190	38.720	0.520	0.000000	39.16	35.19	0.00	3
LINE	2011-11-28	0.901562	1.109190e+5	39.050	35.190	39.050	32.800	35.190	37.170	35.190	39.050	1.420	0.000000	39.50	35.19	0.00	4
LINE	2011-11-25	0.874276	1.143800e+5	39.050	35.500	39.050	32.800	35.500	37.170	35.500	39.050	0.540	0.000000	39.49	35.50	0.00	5
LINE	2011-11-23	0.891870	1.121240e+5	39.050	35.890	39.050	32.800	35.890	37.170	35.890	39.050	0.740	0.000000	39.50	35.89	0.00	6
LINE	2011-11-22	0.899863	1.111280e+5	39.050	35.890	39.050	32.800	35.890	37.170	35.890	39.050	0.870	0.000000	39.50	35.89	0.00	7
LINE	2011-11-21	0.901434	1.109340e+5	39.050	35.890	39.050	32.800	35.890	37.170	35.890	39.050	1.350	0.000000	39.50	35.89	0.00	8
LINE	2011-11-18	0.877826	1.139180e+5	39.050	35.890	39.050	32.800	35.890	37.170	35.890	39.050	0.730	0.000000	39.49	35.89	0.00	9
LINE	2011-11-17	0.885606	1.129170e+5	39.050	35.890	39.050	32.800	35.890	37.170	35.890	39.050	0.910	0.000000	39.49	35.89	0.00	10
LINE	2011-11-16	0.884322	1.130810e+5	39.050	35.890	39.050	32.800	35.890	37.170	35.890	39.050	0.460	0.000000	39.49	35.89	0.00	11
LINE	2011-11-15	0.906655	1.102960e+5	39.050	35.890	39.050	32.800	35.890	37.690	35.890	39.050	0.570	0.000000	39.50	35.89	0.00	12
LINE	2011-11-14	0.924374	1.081810e+5	39.050	35.890	39.050	32.800	35.890	38.720	35.890	39.050	0.430	0.000000	39.51	35.89	0.00	13
LINE	2011-11-11	0.950393	1.052200e+5	39.050	35.890	39.050	32.800	35.890	39.050	35.890	39.050	0.420	0.000000	39.53	35.89	0.00	14
LINE	2011-11-10	0.978309	1.022170e+5	39.050	35.890	39.050	32.800	35.890	39.050	35.890	39.050	1.060	0.000000	39.54	35.89	0.00	15
LINE	2011-11-09	0.974009	1.026680e+5	39.050	36.510	39.050	32.800	36.510	39.050	36.510	39.050	0.850	0.000000	39.54	36.51	0.00	16
LINE	2011-11-08	0.980536	1.019850e+5	39.050	36.280	39.050	32.800	36.570	39.050	36.280	39.050	0.810	0.000000	39.54	36.28	0.00	17
LINE	2011-11-07	0.989511	1.010600e+5	39.050	36.120	39.050	32.800	36.940	39.050	36.120	39.050	0.930	0.000000	39.54	36.12	0.00	18
LINE	2011-11-04	0.992644	1.007410e+5	39.050	35.210	39.050	32.800	36.940	39.050	35.210	39.050	0.540	0.000000	39.55	35.21	0.00	19
LINE	2011-11-03	1.016470	9.838000e+4	39.050	35.210	39.050	32.800	36.940	39.050	35.210	39.050	0.490	0.000000	39.56	35.21	0.00	20
LINE	2011-11-02	1.044180	9.576930e+4	39.050	34.430	39.050	32.800	37.590	39.050	34.430	39.050	1.060	0.000000	39.57	34.43	0.00	21
LINE	2011-11-01	1.043340	9.584580e+4	39.050	32.800	39.050	32.800	37.590	39.050	32.800	39.050	1.720	0.000000	39.57	32.80	0.00	22
LINE	2011-10-31	1.007730	9.923300e+4	39.050	32.800	39.050	32.800	37.410	39.050	32.800	39.050	0.530	0.000000	39.55	32.80	0.00	23
LINE	2011-10-28	1.032870	9.681730e+4	38.540	32.800	38.580	32.800	37.410	38.540	32.800	38.540	0.920	0.000000	39.06	32.80	0.00	24
LINE	2011-10-27	1.038810	9.626360e+4	38.450	32.800	38.580	32.800	37.150	38.450	32.800	38.450	1.230	0.000000	38.97	32.80	0.00	25
LINE	2011-10-26	1.028750	9.720520e+4	38.390	32.800	38.580	32.800	36.790	38.390	32.800	38.390	0.800	0.000000	38.90	32.80	0.00	26
LINE	2011-10-25	1.040790	9.608080e+4	38.390	32.800	38.580	31.910	36.280	38.390	32.800	38.390	0.820	0.000000	38.91	32.80	0.00	27
LINE	2011-10-24	1.052410	9.501990e+4	38.030	32.800	38.580	31.910	36.120	38.030	32.800	38.030	0.570	0.000000	38.56	32.80	0.00	28
LINE	2011-10-21	1.077800	9.278150e+4	37.860	32.800	38.580	31.910	35.210	37.860	32.800	37.860	0.640	0.000000	38.40	32.80	0.00	29
LINE	2011-10-20	1.100840	9.083940e+4	37.860	32.800	38.730	31.910	35.210	37.860	32.800	37.860	0.990	0.000000	38.41	32.80	0.00	30
LINE	2011-10-19	1.106680	9.036060e+4	37.860	32.800	39.350	31.910	34.430	37.860	32.800	37.860	0.740	0.000000	38.41	32.80	0.00	31
LINE	2011-10-18	1.125980	8.881180e+4	37.840	32.800	40.210	31.910	32.800	37.480	32.800	37.840	0.970	0.000000	38.40	32.80	0.00	32
LINE	2011-10-17	1.134190	8.816900e+4	38.070	32.800	40.210	31.910	32.800	37.480	32.800	38.070	0.980	0.000000	38.64	32.80	0.00	33
LINE	2011-10-14	1.142300	8.754260e+4	38.070	32.800	40.210	31.910	32.800	37.150	32.800	38.070	0.600	0.000000	38.64	32.80	0.00	34
LINE	2011-10-13	1.170840	8.540860e+4	38.070	32.800	40.210	31.910	32.800	36.790	32.800	38.070	0.920	0.000000	38.66	32.80	0.00	35
LINE	2011-10-12	1.184050	8.445620e+4	38.070	32.800	40.300	31.910	32.800	36.280	32.800	38.070	1.130	0.000000	38.66	32.80	0.00	36
LINE	2011-10-11	1.186890	8.425380e+4	38.070	32.800	40.580	31.910	32.800	36.350	32.800	38.070	0.710	0.000000	38.66	32.80	0.00	37
LINE	2011-10-10	1.211990	8.250900e+4	38.070	32.800	40.900	31.910	32.800	36.350	32.800	38.070	1.090	0.000000	38.68	32.80	0.00	38
LINE	2011-10-07	1.218410	8.207420e+4	38.070	32.800	40.900	31.910	32.800	36.430	32.800	38.070	0.750	0.000000	38.68	32.80	0.00	39
LINE	2011-10-06	1.243060	8.044650e+4	38.070	32.800	40.900	31.910	32.800	36.530	32.800	38.070	1.410	0.000000	38.69	32.80	0.00	40
LINE	2011-10-05	1.234280	8.101910e+4	38.070	32.800	40.900	31.910	32.800	37.490	32.800	38.070	2.080	0.000000	38.69	32.80	0.00	41
LINE	2011-10-04	1.189760	8.405020e+4	38.070	33.390	40.900	31.910	33.390	37.840	33.390	38.070	2.360	0.000000	38.66	33.39	0.00	42
LINE	2011-10-03	1.128170	8.863890e+4	38.070	35.420	40.900	31.910	35.420	38.070	35.420	38.070	2.630	0.000000	38.63	35.42	0.00	43
LINE	2011-09-30	1.049130	9.531710e+4	38.070	35.420	40.900	31.910	35.420	38.070	35.420	38.070	0.600	0.000000	38.59	35.42	0.00	44
LINE	2011-09-29	1.072770	9.321680e+4	38.070	35.420	40.900	31.910	35.420	38.070	35.420	38.070	0.830	0.000000	38.61	35.42	0.00	45
LINE	2011-09-28	1.085550	9.211960e+4	38.070	36.080	40.900	31.910	36.080	38.070	36.080	38.070	1.160	0.000000	38.61	36.08	0.00	46
LINE	2011-09-27	1.081630	9.245330e+4	38.070	36.080	40.900	31.910	36.080	38.070	36.080	38.070	1.060	0.000000	38.61	36.08	0.00	47
LINE	2011-09-26	1.082770	9.235610e+4	38.070	36.310	40.900	31.910	36.430	38.070	36.310	38.070	1.440	0.000000	38.61	36.31	0.00	48
LINE	2011-09-23	1.063960	9.398820e+4	38.070	36.310	40.900	31.910	36.530	38.070	36.310	38.070	0.740	0.000000	38.60	36.31	0.00	49
LINE	2011-09-22	1.081010	9.250570e+4	38.070	36.230	40.900	31.910	37.060	38.070	36.230	38.070	1.980	0.000000	38.61	36.23	0.00	50
LINE	2011-09-21	1.033700	9.674000e+4	38.070	35.900	40.900	31.910	36.900	38.070	35.900	38.070	1.610	0.000000	38.59	35.90	0.00	51
LINE	2011-09-20	1.003370	9.966440e+4	38.070	35.090	40.900	31.910	36.310	38.070	35.090	38.070	0.690	0.000000	38.57	35.09	0.00	52
LINE	2011-09-19	1.019860	9.805260e+4	37.920	35.090	40.900	31.910	36.310	37.830	35.090	37.920	1.400	0.000000	38.43	35.09	0.00	53
