#Header line 	date 	volatility 	unit 		brkh20 	brkl20 	brkh55 	brkl55 	low10 	high10 	low20 	high20 	truerng	ignore20	add 	sellall	normalizedprice
FFDF	2011-12-01	0.095484	1.047300e+6	14.780	13.730	14.780	13.650	14.450	14.780	13.730	14.780	0.000	0.000000	14.83	13.73	0.00	1
FFDF	2011-11-30	0.100509	9.949320e+5	14.650	13.730	14.650	13.650	14.240	14.650	13.730	14.650	0.180	0.000000	14.70	13.73	0.00	2
FFDF	2011-11-29	0.096326	1.038140e+6	14.650	13.730	14.650	13.650	14.240	14.650	13.730	14.650	0.020	0.000000	14.70	13.73	0.00	3
FFDF	2011-11-28	0.100343	9.965840e+5	14.650	13.730	14.650	13.650	14.240	14.650	13.730	14.650	0.040	0.000000	14.70	13.73	0.00	4
FFDF	2011-11-25	0.103519	9.660090e+5	14.650	13.730	14.650	13.650	14.240	14.650	13.730	14.650	0.000	0.000000	14.70	13.73	0.00	5
FFDF	2011-11-23	0.108967	9.177080e+5	14.650	13.730	15.000	13.650	14.240	14.650	13.730	14.650	0.050	0.000000	14.70	13.73	0.00	6
FFDF	2011-11-22	0.112071	8.922940e+5	14.650	13.730	15.000	13.650	14.240	14.650	13.730	14.650	0.000	0.000000	14.71	13.73	0.00	7
FFDF	2011-11-21	0.117969	8.476800e+5	14.650	13.730	15.000	13.650	13.730	14.650	13.730	14.650	0.000	0.000000	14.71	13.73	0.00	8
FFDF	2011-11-18	0.124178	8.052960e+5	14.600	13.730	15.500	13.650	13.730	14.450	13.730	14.600	0.200	0.000000	14.66	13.73	0.00	9
FFDF	2011-11-17	0.120187	8.320340e+5	14.600	13.730	15.500	13.650	13.730	14.450	13.730	14.600	0.000	0.000000	14.66	13.73	0.00	10
FFDF	2011-11-16	0.126513	7.904330e+5	14.600	13.730	15.500	13.650	13.730	14.250	13.730	14.600	0.270	0.000000	14.66	13.73	0.00	11
FFDF	2011-11-15	0.118961	8.406110e+5	14.600	13.730	15.500	13.650	13.730	14.500	13.730	14.600	0.000	0.000000	14.66	13.73	0.00	12
FFDF	2011-11-14	0.125222	7.985810e+5	14.600	13.730	15.500	13.650	13.730	14.500	13.730	14.600	0.000	0.000000	14.66	13.73	0.00	13
FFDF	2011-11-11	0.131813	7.586520e+5	14.600	13.730	15.500	13.650	13.730	14.500	13.730	14.600	0.000	0.000000	14.67	13.73	0.00	14
FFDF	2011-11-10	0.138750	7.207190e+5	14.600	13.730	15.500	13.650	13.730	14.500	13.730	14.600	0.010	0.000000	14.67	13.73	0.00	15
FFDF	2011-11-09	0.145527	6.871590e+5	14.600	13.730	15.500	13.650	13.730	14.600	13.730	14.600	0.000	0.000000	14.67	13.73	0.00	16
FFDF	2011-11-08	0.153186	6.528010e+5	14.600	13.730	15.500	13.650	13.730	14.600	13.730	14.600	0.520	0.000000	14.68	13.73	0.00	17
FFDF	2011-11-07	0.133880	7.469380e+5	14.600	13.730	15.500	13.650	13.730	14.600	13.730	14.600	0.000	0.000000	14.67	13.73	0.00	18
FFDF	2011-11-04	0.140926	7.095910e+5	14.600	13.730	15.500	13.650	13.730	14.600	13.730	14.600	0.000	0.000000	14.67	13.73	0.00	19
FFDF	2011-11-03	0.148343	6.741110e+5	14.600	13.730	15.500	13.650	13.730	14.600	13.730	14.600	0.000	0.000000	14.67	13.73	0.00	20
FFDF	2011-11-02	0.156151	6.404060e+5	14.600	14.000	15.500	13.650	14.500	14.600	14.000	14.600	0.770	0.000000	14.68	14.00	0.00	21
FFDF	2011-11-01	0.123843	8.074730e+5	14.600	14.000	15.500	13.650	14.500	14.600	14.000	14.600	0.000	0.000000	14.66	14.00	0.00	22
FFDF	2011-10-31	0.130361	7.670990e+5	14.600	14.000	16.270	13.650	14.500	14.600	14.000	14.600	0.000	0.000000	14.67	14.00	0.00	23
FFDF	2011-10-28	0.137222	7.287440e+5	14.600	14.000	16.270	13.650	14.500	14.600	14.000	14.600	0.000	0.000000	14.67	14.00	0.00	24
FFDF	2011-10-27	0.144445	6.923070e+5	14.600	14.000	16.290	13.650	14.570	14.600	14.000	14.600	0.590	0.000000	14.67	14.00	0.00	25
FFDF	2011-10-26	0.120994	8.264850e+5	14.600	14.000	16.290	13.650	14.340	14.600	14.000	14.600	0.000	0.000000	14.66	14.00	0.00	26
FFDF	2011-10-25	0.127362	7.851610e+5	14.600	14.000	16.290	13.650	14.340	14.600	14.000	14.600	0.000	0.000000	14.66	14.00	0.00	27
FFDF	2011-10-24	0.134066	7.459030e+5	14.600	13.650	16.290	13.650	14.340	14.570	13.650	14.600	0.030	0.000000	14.67	13.65	0.00	28
FFDF	2011-10-21	0.139543	7.166260e+5	14.600	13.650	16.290	13.650	14.340	14.570	13.650	14.600	0.000	0.000000	14.67	13.65	0.00	29
FFDF	2011-10-20	0.146887	6.807950e+5	14.600	13.650	16.290	13.650	14.340	14.600	13.650	14.600	0.000	0.000000	14.67	13.65	0.00	30
FFDF	2011-10-19	0.154618	6.467550e+5	14.600	13.650	16.290	13.650	14.000	14.600	13.650	14.600	0.000	0.000000	14.68	13.65	0.00	31
FFDF	2011-10-18	0.162756	6.144170e+5	14.610	13.650	16.290	13.650	14.000	14.600	13.650	14.610	0.000	0.000000	14.69	13.65	0.00	32
FFDF	2011-10-17	0.171322	5.836960e+5	14.610	13.650	16.290	13.650	14.000	14.600	13.650	14.610	0.000	0.000000	14.70	13.65	0.00	33
FFDF	2011-10-14	0.180339	5.545120e+5	14.610	13.650	16.290	13.650	14.000	14.600	13.650	14.610	0.000	0.000000	14.70	13.65	0.00	34
FFDF	2011-10-13	0.189830	5.267860e+5	14.610	13.650	16.290	13.650	14.000	14.600	13.650	14.610	0.230	0.000000	14.70	13.65	0.00	35
FFDF	2011-10-12	0.187716	5.327190e+5	14.610	13.650	16.290	13.650	14.000	14.600	13.650	14.610	0.000	0.000000	14.70	13.65	0.00	36
FFDF	2011-10-11	0.197596	5.060830e+5	14.610	13.650	16.290	13.650	14.000	14.600	13.650	14.610	0.000	0.000000	14.71	13.65	0.00	37
FFDF	2011-10-10	0.207996	4.807790e+5	14.610	13.650	16.290	13.650	13.650	14.600	13.650	14.610	0.000	0.000000	14.71	13.65	0.00	38
FFDF	2011-10-07	0.218943	4.567400e+5	14.610	13.650	16.290	13.650	13.650	14.600	13.650	14.610	0.350	0.000000	14.72	13.65	0.00	39
FFDF	2011-10-06	0.212045	4.715970e+5	14.610	13.650	16.290	13.650	13.650	14.600	13.650	14.610	0.600	0.000000	14.72	13.65	0.00	40
FFDF	2011-10-05	0.191627	5.218480e+5	15.000	13.650	16.290	13.650	13.650	14.600	13.650	15.000	0.000	0.000000	15.10	13.65	0.00	41
FFDF	2011-10-04	0.201712	4.957560e+5	15.000	13.650	16.290	13.650	13.650	14.610	13.650	15.000	0.000	0.000000	15.10	13.65	0.00	42
FFDF	2011-10-03	0.212329	4.709680e+5	15.000	13.650	16.290	13.650	13.650	14.610	13.650	15.000	0.000	0.000000	15.11	13.65	0.00	43
FFDF	2011-09-30	0.223504	4.474200e+5	15.500	13.650	16.290	13.650	13.650	14.610	13.650	15.500	0.000	0.000000	15.61	13.65	0.00	44
FFDF	2011-09-29	0.235267	4.250490e+5	15.500	13.650	16.290	13.650	13.650	14.610	13.650	15.500	0.000	0.000000	15.62	13.65	0.00	45
FFDF	2011-09-28	0.247650	4.037960e+5	15.500	13.650	16.290	13.650	13.650	14.610	13.650	15.500	0.000	0.000000	15.62	13.65	0.00	46
FFDF	2011-09-27	0.260684	3.836060e+5	15.500	13.650	16.290	13.650	13.650	14.610	13.650	15.500	0.350	0.000000	15.63	13.65	0.00	47
FFDF	2011-09-26	0.255983	3.906510e+5	15.500	13.690	16.290	13.660	13.690	14.610	13.690	15.500	0.120	0.000000	15.63	13.69	0.00	48
FFDF	2011-09-23	0.263140	3.800260e+5	15.500	14.000	16.290	13.660	14.110	14.610	14.000	15.500	0.990	0.000000	15.63	14.00	0.00	49
FFDF	2011-09-22	0.224884	4.446730e+5	15.500	13.660	16.290	13.660	14.110	14.610	13.660	15.500	0.000	0.000000	15.61	13.66	0.00	50
FFDF	2011-09-21	0.236720	4.224400e+5	15.500	13.660	16.290	13.660	14.110	15.000	13.660	15.500	0.010	0.000000	15.62	13.66	0.00	51
FFDF	2011-09-20	0.248653	4.021670e+5	15.500	13.660	16.290	13.660	14.110	15.000	13.660	15.500	0.000	0.000000	15.62	13.66	0.00	52
FFDF	2011-09-19	0.261740	3.820590e+5	15.500	13.660	16.290	13.660	14.110	15.000	13.660	15.500	0.500	0.000000	15.63	13.66	0.00	53
