#Header line 	date 	volatility 	unit 		brkh20 	brkl20 	brkh55 	brkl55 	low10 	high10 	low20 	high20 	truerng	ignore20	add 	sellall	normalizedprice
BMR	2011-12-01	0.575925	1.736340e+5	18.900	16.470	18.900	15.800	16.470	17.900	16.470	18.900	0.340	0.000000	19.19	16.47	0.00	1
BMR	2011-11-30	0.588342	1.699690e+5	18.900	16.470	18.900	15.800	16.470	18.020	16.470	18.900	0.890	0.000000	19.19	16.47	0.00	2
BMR	2011-11-29	0.572466	1.746830e+5	18.900	16.470	18.900	15.800	16.470	18.020	16.470	18.900	0.440	0.000000	19.19	16.47	0.00	3
BMR	2011-11-28	0.579438	1.725810e+5	18.900	16.470	18.900	15.800	16.470	18.760	16.470	18.900	0.580	0.000000	19.19	16.47	0.00	4
BMR	2011-11-25	0.579408	1.725900e+5	18.900	16.470	18.900	15.800	16.470	18.760	16.470	18.900	0.570	0.000000	19.19	16.47	0.00	5
BMR	2011-11-23	0.579903	1.724430e+5	18.900	17.160	18.900	15.800	17.160	18.760	17.160	18.900	0.720	0.000000	19.19	17.16	0.00	6
BMR	2011-11-22	0.572530	1.746630e+5	18.900	17.210	18.900	15.800	17.300	18.900	17.210	18.900	0.370	0.000000	19.19	17.21	0.00	7
BMR	2011-11-21	0.583189	1.714710e+5	18.900	17.210	18.900	15.800	17.850	18.900	17.210	18.900	0.720	0.000000	19.19	17.21	0.00	8
BMR	2011-11-18	0.575989	1.736150e+5	18.900	17.210	18.900	15.800	17.850	18.900	17.210	18.900	0.280	0.000000	19.19	17.21	0.00	9
BMR	2011-11-17	0.591567	1.690430e+5	18.900	17.000	18.900	15.800	17.900	18.900	17.000	18.900	0.360	0.000000	19.20	17.00	0.00	10
BMR	2011-11-16	0.603755	1.656300e+5	18.900	17.000	18.900	15.800	17.900	18.900	17.000	18.900	0.350	0.000000	19.20	17.00	0.00	11
BMR	2011-11-15	0.617110	1.620460e+5	18.900	17.000	18.900	15.800	17.210	18.900	17.000	18.900	0.360	0.000000	19.21	17.00	0.00	12
BMR	2011-11-14	0.630642	1.585690e+5	18.900	17.000	18.900	15.800	17.210	18.900	17.000	18.900	0.770	0.000000	19.22	17.00	0.00	13
BMR	2011-11-11	0.623308	1.604340e+5	18.900	17.000	18.900	15.800	17.210	18.900	17.000	18.900	0.650	0.000000	19.21	17.00	0.00	14
BMR	2011-11-10	0.621903	1.607970e+5	18.900	17.000	18.900	15.800	17.210	18.900	17.000	18.900	0.450	0.000000	19.21	17.00	0.00	15
BMR	2011-11-09	0.630950	1.584910e+5	18.900	17.000	18.900	15.800	17.210	18.900	17.000	18.900	0.860	0.000000	19.22	17.00	0.00	16
BMR	2011-11-08	0.618895	1.615780e+5	18.610	16.800	18.610	15.800	17.210	18.610	16.800	18.610	0.480	0.000000	18.92	16.80	0.00	17
BMR	2011-11-07	0.626205	1.596920e+5	18.520	16.800	18.520	15.800	17.210	18.520	16.800	18.520	0.530	0.000000	18.83	16.80	0.00	18
BMR	2011-11-04	0.631269	1.584110e+5	18.380	16.630	18.380	15.800	17.210	18.380	16.630	18.380	0.580	0.000000	18.70	16.63	0.00	19
BMR	2011-11-03	0.633967	1.577370e+5	18.380	16.630	18.380	15.800	17.000	18.380	16.630	18.380	0.770	0.000000	18.70	16.63	0.00	20
BMR	2011-11-02	0.626807	1.595390e+5	18.380	16.630	18.380	15.800	17.000	18.380	16.630	18.380	0.740	0.000000	18.69	16.63	0.00	21
BMR	2011-11-01	0.620850	1.610700e+5	18.380	16.580	18.380	15.800	17.000	18.380	16.580	18.380	0.940	0.000000	18.69	16.58	0.00	22
BMR	2011-10-31	0.604053	1.655480e+5	18.380	15.800	18.380	15.800	17.000	18.380	15.800	18.380	0.430	0.000000	18.68	15.80	0.00	23
BMR	2011-10-28	0.613213	1.630750e+5	18.380	15.800	18.380	15.800	17.000	18.380	15.800	18.380	0.340	0.000000	18.69	15.80	0.00	24
BMR	2011-10-27	0.627593	1.593390e+5	17.560	15.800	18.370	15.800	17.000	17.560	15.800	17.560	1.040	0.000000	17.87	15.80	0.00	25
BMR	2011-10-26	0.605887	1.650470e+5	17.560	15.800	18.370	15.800	17.000	17.560	15.800	17.560	0.470	0.000000	17.86	15.80	0.00	26
BMR	2011-10-25	0.613039	1.631220e+5	17.560	15.800	18.370	15.350	16.800	17.560	15.800	17.560	0.430	0.000000	17.87	15.80	0.00	27
BMR	2011-10-24	0.622673	1.605980e+5	17.520	15.800	18.370	15.350	16.800	17.520	15.800	17.520	0.400	0.000000	17.83	15.80	0.00	28
BMR	2011-10-21	0.634392	1.576310e+5	17.520	15.800	18.370	15.350	16.630	17.520	15.800	17.520	0.410	0.000000	17.84	15.80	0.00	29
BMR	2011-10-20	0.646203	1.547500e+5	17.520	15.800	18.370	15.350	16.630	17.520	15.800	17.520	0.620	0.000000	17.84	15.80	0.00	30
BMR	2011-10-19	0.647582	1.544210e+5	17.520	15.800	18.650	15.350	16.630	17.520	15.800	17.520	0.500	0.000000	17.84	15.80	0.00	31
BMR	2011-10-18	0.655349	1.525900e+5	17.520	15.800	19.430	15.350	16.580	17.520	15.800	17.520	0.550	0.000000	17.85	15.80	0.00	32
BMR	2011-10-17	0.660894	1.513100e+5	17.520	15.800	19.620	15.350	15.800	17.520	15.800	17.520	0.490	0.000000	17.85	15.80	0.00	33
BMR	2011-10-14	0.669888	1.492790e+5	17.660	15.800	19.620	15.350	15.800	17.400	15.800	17.660	0.580	0.000000	17.99	15.80	0.00	34
BMR	2011-10-13	0.674619	1.482320e+5	17.660	15.800	19.690	15.350	15.800	17.400	15.800	17.660	0.650	0.000000	18.00	15.80	0.00	35
BMR	2011-10-12	0.675915	1.479480e+5	17.660	15.800	20.430	15.350	15.800	17.400	15.800	17.660	0.460	0.000000	18.00	15.80	0.00	36
BMR	2011-10-11	0.687279	1.455010e+5	17.660	15.800	20.550	15.350	15.800	17.400	15.800	17.660	0.680	0.000000	18.00	15.80	0.00	37
BMR	2011-10-10	0.687662	1.454200e+5	17.660	15.800	20.780	15.350	15.800	17.200	15.800	17.660	0.800	0.000000	18.00	15.80	0.00	38
BMR	2011-10-07	0.681749	1.466810e+5	17.660	15.800	20.780	15.350	15.800	17.200	15.800	17.660	0.750	0.000000	18.00	15.80	0.00	39
BMR	2011-10-06	0.678157	1.474580e+5	18.060	15.800	20.780	15.350	15.800	16.940	15.800	18.060	0.750	0.000000	18.40	15.80	0.00	40
BMR	2011-10-05	0.674376	1.482850e+5	18.370	15.800	20.780	15.350	15.800	16.940	15.800	18.370	0.910	0.000000	18.71	15.80	0.00	41
BMR	2011-10-04	0.661975	1.510630e+5	18.370	15.800	20.780	15.350	15.800	17.240	15.800	18.370	1.210	0.000000	18.70	15.80	0.00	42
BMR	2011-10-03	0.633132	1.579450e+5	18.370	15.870	20.780	15.350	15.870	17.250	15.870	18.370	0.960	0.000000	18.69	15.87	0.00	43
BMR	2011-09-30	0.615928	1.623570e+5	18.370	15.870	20.780	15.350	15.870	17.660	15.870	18.370	0.440	0.000000	18.68	15.87	0.00	44
BMR	2011-09-29	0.625187	1.599520e+5	18.370	15.870	20.780	15.350	15.870	17.660	15.870	18.370	0.860	0.000000	18.68	15.87	0.00	45
BMR	2011-09-28	0.612829	1.631780e+5	18.370	15.870	20.780	15.350	15.870	17.660	15.870	18.370	0.680	0.000000	18.68	15.87	0.00	46
BMR	2011-09-27	0.609293	1.641250e+5	18.370	15.870	20.780	15.350	15.870	17.660	15.870	18.370	0.530	0.000000	18.67	15.87	0.00	47
BMR	2011-09-26	0.613467	1.630080e+5	18.370	15.870	20.780	15.350	15.870	17.660	15.870	18.370	0.480	0.000000	18.68	15.87	0.00	48
BMR	2011-09-23	0.620491	1.611630e+5	18.370	15.870	20.780	15.350	15.870	17.660	15.870	18.370	0.530	0.000000	18.68	15.87	0.00	49
BMR	2011-09-22	0.625254	1.599350e+5	18.370	16.520	20.780	15.350	16.520	18.060	16.520	18.370	0.900	0.000000	18.68	16.52	0.00	50
BMR	2011-09-21	0.610794	1.637210e+5	18.370	17.180	20.780	15.350	17.190	18.370	17.180	18.370	0.910	0.000000	18.68	17.18	0.00	51
BMR	2011-09-20	0.595046	1.680540e+5	18.370	16.980	20.780	15.350	17.190	18.370	16.980	18.370	0.400	0.000000	18.67	16.98	0.00	52
BMR	2011-09-19	0.605311	1.652040e+5	18.370	16.910	20.780	15.350	17.190	18.370	16.910	18.370	0.510	0.000000	18.67	16.91	0.00	53
