#Header line 	date 	volatility 	unit 		brkh20 	brkl20 	brkh55 	brkl55 	low10 	high10 	low20 	high20 	truerng	ignore20	add 	sellall	normalizedprice
CAH	2011-12-01	1.143710	8.743510e+4	44.910	40.290	45.490	39.880	40.290	42.900	40.290	44.910	0.650	0.000000	45.48	40.29	0.00	1
CAH	2011-11-30	1.169690	8.549270e+4	44.910	40.290	45.490	39.880	40.290	44.330	40.290	44.910	1.580	0.000000	45.49	40.29	0.00	2
CAH	2011-11-29	1.148090	8.710080e+4	44.910	40.290	45.490	39.880	40.290	44.350	40.290	44.910	1.110	0.000000	45.48	40.29	0.00	3
CAH	2011-11-28	1.150100	8.694900e+4	45.490	40.290	45.490	39.880	40.290	44.910	40.290	45.490	1.370	0.000000	46.06	40.29	0.00	4
CAH	2011-11-25	1.138530	8.783290e+4	45.490	40.530	45.490	39.880	40.530	44.910	40.530	45.490	0.560	0.000000	46.06	40.53	0.00	5
CAH	2011-11-23	1.168970	8.554500e+4	45.490	40.530	45.490	39.880	40.530	44.910	40.530	45.490	1.370	0.000000	46.07	40.53	0.00	6
CAH	2011-11-22	1.158390	8.632640e+4	45.490	40.650	45.490	39.880	40.650	44.910	40.650	45.490	0.680	0.000000	46.07	40.65	0.00	7
CAH	2011-11-21	1.183570	8.448990e+4	45.490	41.880	45.490	39.880	41.880	44.910	41.880	45.490	1.480	0.000000	46.08	41.88	0.00	8
CAH	2011-11-18	1.167970	8.561850e+4	45.490	42.240	45.490	39.880	42.240	44.910	42.240	45.490	0.740	0.000000	46.07	42.24	0.00	9
CAH	2011-11-17	1.190500	8.399860e+4	45.490	42.420	45.490	39.880	42.880	44.910	42.420	45.490	1.130	0.000000	46.09	42.42	0.00	10
CAH	2011-11-16	1.193680	8.377450e+4	45.490	42.260	45.490	39.880	42.880	44.910	42.260	45.490	1.480	0.000000	46.09	42.26	0.00	11
CAH	2011-11-15	1.178610	8.484560e+4	45.490	42.000	45.490	39.880	42.880	44.910	42.000	45.490	0.690	0.000000	46.08	42.00	0.00	12
CAH	2011-11-14	1.204330	8.303390e+4	45.490	41.320	45.490	39.880	42.880	44.910	41.320	45.490	0.660	0.000000	46.09	41.32	0.00	13
CAH	2011-11-11	1.232980	8.110460e+4	45.490	41.320	45.490	39.880	42.880	45.490	41.320	45.490	1.740	0.000000	46.11	41.32	0.00	14
CAH	2011-11-10	1.206290	8.289870e+4	45.490	41.320	45.490	39.880	42.880	45.490	41.320	45.490	0.850	0.000000	46.09	41.32	0.00	15
CAH	2011-11-09	1.225040	8.162980e+4	45.490	41.320	45.490	39.880	43.140	45.490	41.320	45.490	1.520	0.000000	46.10	41.32	0.00	16
CAH	2011-11-08	1.209520	8.267750e+4	45.490	41.240	45.490	39.840	43.030	45.490	41.240	45.490	0.700	0.000000	46.09	41.24	0.00	17
CAH	2011-11-07	1.236340	8.088420e+4	45.490	41.240	45.490	39.840	43.030	45.490	41.240	45.490	0.790	0.000000	46.11	41.24	0.00	18
CAH	2011-11-04	1.259830	7.937600e+4	45.490	40.260	45.490	39.840	43.030	45.490	40.260	45.490	0.920	0.000000	46.12	40.26	0.00	19
CAH	2011-11-03	1.277710	7.826480e+4	45.490	39.980	45.490	39.840	42.420	45.490	39.980	45.490	0.850	0.000000	46.13	39.98	0.00	20
CAH	2011-11-02	1.300220	7.690980e+4	45.490	39.980	45.490	39.840	42.260	45.490	39.980	45.490	0.970	0.000000	46.14	39.98	0.00	21
CAH	2011-11-01	1.317600	7.589530e+4	45.490	39.980	45.490	39.840	42.000	45.490	39.980	45.490	1.470	0.000000	46.15	39.98	0.00	22
CAH	2011-10-31	1.309580	7.636020e+4	45.490	39.880	45.490	39.840	41.320	45.490	39.880	45.490	1.250	0.000000	46.14	39.88	0.00	23
CAH	2011-10-28	1.312720	7.617770e+4	44.950	39.880	44.950	39.840	41.320	44.950	39.880	44.950	1.650	0.000000	45.61	39.88	0.00	24
CAH	2011-10-27	1.294970	7.722200e+4	44.120	39.880	44.120	38.470	41.320	44.120	39.880	44.120	2.980	0.000000	44.77	39.88	0.00	25
CAH	2011-10-26	1.206280	8.289940e+4	44.050	39.880	44.060	38.470	41.320	44.050	39.880	44.050	1.920	0.000000	44.65	39.88	0.00	26
CAH	2011-10-25	1.168720	8.556390e+4	44.060	39.880	44.060	37.990	41.240	44.050	39.880	44.060	1.330	0.000000	44.64	39.88	0.00	27
CAH	2011-10-24	1.160230	8.618990e+4	44.060	39.880	44.060	37.990	41.240	44.000	39.880	44.060	0.350	0.000000	44.64	39.88	0.00	28
CAH	2011-10-21	1.202870	8.313430e+4	44.060	39.880	44.060	37.990	40.260	42.420	39.880	44.060	1.790	0.000000	44.66	39.88	0.00	29
CAH	2011-10-20	1.171970	8.532630e+4	44.060	39.880	44.060	37.990	39.980	42.260	39.880	44.060	0.950	0.000000	44.65	39.88	0.00	30
CAH	2011-10-19	1.183650	8.448410e+4	44.060	39.880	44.060	37.990	39.980	42.090	39.880	44.060	0.840	0.000000	44.65	39.88	0.00	31
CAH	2011-10-18	1.201740	8.321260e+4	44.060	39.880	44.060	37.990	39.980	42.090	39.880	44.060	1.340	0.000000	44.66	39.88	0.00	32
CAH	2011-10-17	1.194460	8.371950e+4	44.060	39.880	44.060	37.990	39.880	42.090	39.880	44.060	0.830	0.000000	44.66	39.88	0.00	33
CAH	2011-10-14	1.213650	8.239630e+4	44.060	39.880	44.060	37.990	39.880	41.880	39.880	44.060	0.730	0.000000	44.67	39.88	0.00	34
CAH	2011-10-13	1.239100	8.070360e+4	44.060	39.880	44.060	37.990	39.880	43.040	39.880	44.060	0.750	0.000000	44.68	39.88	0.00	35
CAH	2011-10-12	1.264840	7.906110e+4	44.060	39.880	44.630	37.990	39.880	43.110	39.880	44.060	0.790	0.000000	44.69	39.88	0.00	36
CAH	2011-10-11	1.289840	7.752920e+4	44.060	39.880	45.390	37.990	39.880	44.060	39.880	44.060	0.480	0.000000	44.70	39.88	0.00	37
CAH	2011-10-10	1.332460	7.504920e+4	44.060	39.880	46.040	37.990	39.880	44.060	39.880	44.060	1.070	0.000000	44.73	39.88	0.00	38
CAH	2011-10-07	1.346270	7.427920e+4	44.060	39.880	46.040	37.990	39.880	44.060	39.880	44.060	1.060	0.000000	44.73	39.88	0.00	39
CAH	2011-10-06	1.361340	7.345710e+4	44.060	39.880	46.040	37.990	39.880	44.060	39.880	44.060	1.890	0.000000	44.74	39.88	0.00	40
CAH	2011-10-05	1.333520	7.498980e+4	44.060	39.880	46.040	37.990	39.880	44.060	39.880	44.060	0.750	0.000000	44.73	39.88	0.00	41
CAH	2011-10-04	1.364230	7.330160e+4	44.060	39.880	46.040	37.990	39.880	44.060	39.880	44.060	1.540	0.000000	44.74	39.88	0.00	42
CAH	2011-10-03	1.354980	7.380210e+4	44.060	39.930	46.280	37.990	41.720	44.060	39.930	44.060	2.480	0.000000	44.74	39.93	0.00	43
CAH	2011-09-30	1.295760	7.717460e+4	44.060	39.930	46.280	37.990	41.720	44.060	39.930	44.060	1.160	0.000000	44.71	39.93	0.00	44
CAH	2011-09-29	1.302910	7.675130e+4	44.060	39.930	46.390	37.990	41.380	44.060	39.930	44.060	2.030	0.000000	44.71	39.93	0.00	45
CAH	2011-09-28	1.264640	7.907380e+4	44.060	39.930	46.390	37.990	41.380	44.060	39.930	44.060	1.330	0.000000	44.69	39.93	0.00	46
CAH	2011-09-27	1.261200	7.928950e+4	44.000	39.930	46.390	37.990	40.770	44.000	39.930	44.000	1.250	0.000000	44.63	39.93	0.00	47
CAH	2011-09-26	1.261790	7.925250e+4	44.000	39.930	46.450	37.990	39.930	44.000	39.930	44.000	1.760	0.000000	44.63	39.93	0.00	48
CAH	2011-09-23	1.235570	8.093440e+4	44.000	39.930	46.830	37.990	39.930	44.000	39.930	44.000	1.100	0.000000	44.62	39.93	0.00	49
CAH	2011-09-22	1.242700	8.046970e+4	44.000	39.930	46.830	37.990	39.930	44.000	39.930	44.000	1.320	0.000000	44.62	39.93	0.00	50
CAH	2011-09-21	1.238640	8.073400e+4	44.000	39.930	46.830	37.990	39.930	44.000	39.930	44.000	1.490	0.000000	44.62	39.93	0.00	51
CAH	2011-09-20	1.225410	8.160560e+4	43.230	39.840	46.830	37.990	39.930	43.230	39.840	43.230	1.300	0.000000	43.84	39.84	0.00	52
CAH	2011-09-19	1.221480	8.186790e+4	43.120	39.840	46.830	37.990	39.930	43.120	39.840	43.120	0.950	0.000000	43.73	39.84	0.00	53
