#Header line 	date 	volatility 	unit 		brkh20 	brkl20 	brkh55 	brkl55 	low10 	high10 	low20 	high20 	truerng	ignore20	add 	sellall	normalizedprice
CDH	2011-12-01	0.162256	6.163090e+5	2.790	2.090	2.790	2.000	2.090	2.270	2.090	2.790	0.320	0.000000	2.87	2.09	0.00	1
CDH	2011-11-30	0.153954	6.495450e+5	2.790	2.090	2.790	2.000	2.090	2.350	2.090	2.790	0.100	0.000000	2.87	2.09	0.00	2
CDH	2011-11-29	0.156794	6.377810e+5	2.790	2.090	2.790	2.000	2.090	2.350	2.090	2.790	0.130	0.000000	2.87	2.09	0.00	3
CDH	2011-11-28	0.158204	6.320960e+5	2.790	2.090	2.790	2.000	2.090	2.450	2.090	2.790	0.230	0.000000	2.87	2.09	0.00	4
CDH	2011-11-25	0.154425	6.475640e+5	2.790	2.090	2.790	2.000	2.090	2.450	2.090	2.790	0.110	0.000000	2.87	2.09	0.00	5
CDH	2011-11-24	0.156763	6.379050e+5	2.790	2.100	2.790	2.000	2.100	2.450	2.100	2.790	0.160	0.000000	2.87	2.10	0.00	6
CDH	2011-11-23	0.156593	6.385990e+5	2.790	2.160	2.790	2.000	2.190	2.570	2.160	2.790	0.130	0.000000	2.87	2.16	0.00	7
CDH	2011-11-22	0.157992	6.329420e+5	2.790	2.160	2.790	2.000	2.190	2.750	2.160	2.790	0.140	0.000000	2.87	2.16	0.00	8
CDH	2011-11-21	0.158939	6.291710e+5	2.790	2.160	2.790	2.000	2.190	2.790	2.160	2.790	0.030	0.000000	2.87	2.16	0.00	9
CDH	2011-11-18	0.165726	6.034070e+5	2.790	2.160	2.790	2.000	2.190	2.790	2.160	2.790	0.100	0.000000	2.87	2.16	0.00	10
CDH	2011-11-17	0.169185	5.910690e+5	2.790	2.100	2.790	2.000	2.190	2.790	2.100	2.790	0.150	0.000000	2.87	2.10	0.00	11
CDH	2011-11-16	0.170195	5.875630e+5	2.790	2.100	2.790	2.000	2.190	2.790	2.100	2.790	0.190	0.000000	2.88	2.10	0.00	12
CDH	2011-11-15	0.169152	5.911840e+5	2.790	2.100	2.790	2.000	2.350	2.790	2.100	2.790	0.430	0.000000	2.87	2.10	0.00	13
CDH	2011-11-14	0.155423	6.434040e+5	2.790	2.100	2.790	2.000	2.350	2.790	2.100	2.790	0.140	0.000000	2.87	2.10	0.00	14
CDH	2011-11-11	0.156235	6.400610e+5	2.790	2.080	2.790	2.000	2.350	2.790	2.080	2.790	0.130	0.000000	2.87	2.08	0.00	15
CDH	2011-11-10	0.157616	6.344540e+5	2.790	2.080	2.790	2.000	2.450	2.790	2.080	2.790	0.220	0.000000	2.87	2.08	0.00	16
CDH	2011-11-09	0.154333	6.479510e+5	2.790	2.080	2.790	2.000	2.160	2.790	2.080	2.790	0.200	0.000000	2.87	2.08	0.00	17
CDH	2011-11-08	0.151929	6.582020e+5	2.790	2.080	2.790	2.000	2.160	2.790	2.080	2.790	0.090	0.000000	2.87	2.08	0.00	18
CDH	2011-11-07	0.155188	6.443780e+5	2.600	2.050	2.730	2.000	2.160	2.600	2.050	2.600	0.200	0.000000	2.68	2.05	0.00	19
CDH	2011-11-04	0.152830	6.543220e+5	2.580	2.050	2.730	2.000	2.160	2.580	2.050	2.580	0.120	0.000000	2.66	2.05	0.00	20
CDH	2011-11-03	0.154558	6.470070e+5	2.580	2.050	2.730	2.000	2.100	2.580	2.050	2.580	0.090	0.000000	2.66	2.05	0.00	21
CDH	2011-11-02	0.157956	6.330890e+5	2.470	2.000	2.730	2.000	2.100	2.470	2.000	2.470	0.200	0.000000	2.55	2.00	0.00	22
CDH	2011-11-01	0.155743	6.420840e+5	2.470	2.000	2.780	2.000	2.100	2.470	2.000	2.470	0.150	0.000000	2.55	2.00	0.00	23
CDH	2011-10-31	0.156045	6.408410e+5	2.470	2.000	2.800	2.000	2.100	2.470	2.000	2.470	0.190	0.000000	2.55	2.00	0.00	24
CDH	2011-10-28	0.154258	6.482650e+5	2.460	2.000	2.800	2.000	2.080	2.460	2.000	2.460	0.190	0.000000	2.54	2.00	0.00	25
CDH	2011-10-27	0.152377	6.562680e+5	2.270	2.000	2.800	2.000	2.080	2.270	2.000	2.270	0.400	0.000000	2.35	2.00	0.00	26
CDH	2011-10-26	0.139344	7.176490e+5	2.270	2.000	2.800	2.000	2.080	2.270	2.000	2.270	0.110	0.000000	2.34	2.00	0.00	27
CDH	2011-10-25	0.140888	7.097820e+5	2.270	2.000	2.810	2.000	2.080	2.270	2.000	2.270	0.070	0.000000	2.34	2.00	0.00	28
CDH	2011-10-24	0.144619	6.914710e+5	2.270	2.000	2.820	2.000	2.050	2.270	2.000	2.270	0.110	0.000000	2.34	2.00	0.00	29
CDH	2011-10-21	0.146441	6.828670e+5	2.250	2.000	2.980	2.000	2.050	2.230	2.000	2.250	0.190	0.000000	2.32	2.00	0.00	30
CDH	2011-10-20	0.144149	6.937280e+5	2.400	2.000	3.000	2.000	2.050	2.230	2.000	2.400	0.170	0.000000	2.47	2.00	0.00	31
CDH	2011-10-19	0.142788	7.003380e+5	2.600	2.000	3.030	2.000	2.000	2.230	2.000	2.600	0.100	0.000000	2.67	2.00	0.00	32
CDH	2011-10-18	0.145040	6.894640e+5	2.650	2.000	3.030	2.000	2.000	2.240	2.000	2.650	0.100	0.000000	2.72	2.00	0.00	33
CDH	2011-10-17	0.147411	6.783760e+5	2.650	2.000	3.100	2.000	2.000	2.240	2.000	2.650	0.170	0.000000	2.72	2.00	0.00	34
CDH	2011-10-14	0.146222	6.838920e+5	2.650	2.000	3.100	2.000	2.000	2.240	2.000	2.650	0.090	0.000000	2.72	2.00	0.00	35
CDH	2011-10-13	0.149181	6.703270e+5	2.650	2.000	3.100	2.000	2.000	2.240	2.000	2.650	0.090	0.000000	2.72	2.00	0.00	36
CDH	2011-10-12	0.152296	6.566170e+5	2.650	2.000	3.100	2.000	2.000	2.240	2.000	2.650	0.190	0.000000	2.73	2.00	0.00	37
CDH	2011-10-11	0.150311	6.652860e+5	2.650	2.000	3.160	2.000	2.000	2.240	2.000	2.650	0.080	0.000000	2.73	2.00	0.00	38
CDH	2011-10-07	0.154012	6.493010e+5	2.650	2.000	3.160	2.000	2.000	2.240	2.000	2.650	0.090	0.000000	2.73	2.00	0.00	39
CDH	2011-10-06	0.157381	6.354010e+5	2.680	2.000	3.160	2.000	2.000	2.250	2.000	2.680	0.130	0.000000	2.76	2.00	0.00	40
CDH	2011-10-05	0.158822	6.296360e+5	2.730	2.000	3.310	2.000	2.000	2.400	2.000	2.730	0.120	0.000000	2.81	2.00	0.00	41
CDH	2011-10-04	0.160865	6.216380e+5	2.730	2.190	3.310	2.190	2.190	2.600	2.190	2.730	0.300	0.000000	2.81	2.19	0.00	42
CDH	2011-10-03	0.153542	6.512860e+5	2.730	2.190	3.310	2.190	2.190	2.650	2.190	2.730	0.120	0.000000	2.81	2.19	0.00	43
CDH	2011-09-30	0.155308	6.438830e+5	2.730	2.190	3.310	2.190	2.190	2.650	2.190	2.730	0.070	0.000000	2.81	2.19	0.00	44
CDH	2011-09-29	0.159798	6.257910e+5	2.730	2.210	3.310	2.210	2.210	2.650	2.210	2.730	0.140	0.000000	2.81	2.21	0.00	45
CDH	2011-09-28	0.160840	6.217370e+5	2.730	2.210	3.310	2.210	2.210	2.650	2.210	2.730	0.100	0.000000	2.81	2.21	0.00	46
CDH	2011-09-27	0.164042	6.096010e+5	2.730	2.210	3.310	2.210	2.210	2.650	2.210	2.730	0.110	0.000000	2.81	2.21	0.00	47
CDH	2011-09-26	0.166886	5.992110e+5	2.730	2.210	3.400	2.210	2.210	2.650	2.210	2.730	0.090	0.000000	2.81	2.21	0.00	48
CDH	2011-09-23	0.170933	5.850260e+5	2.730	2.250	3.400	2.250	2.250	2.650	2.250	2.730	0.110	0.000000	2.82	2.25	0.00	49
CDH	2011-09-22	0.174140	5.742520e+5	2.730	2.400	3.400	2.400	2.400	2.680	2.400	2.730	0.300	0.000000	2.82	2.40	0.00	50
CDH	2011-09-21	0.167515	5.969600e+5	2.730	2.450	3.400	2.450	2.510	2.730	2.450	2.730	0.200	0.000000	2.81	2.45	0.00	51
CDH	2011-09-20	0.165806	6.031160e+5	2.730	2.450	3.400	2.450	2.500	2.730	2.450	2.730	0.200	0.000000	2.81	2.45	0.00	52
CDH	2011-09-19	0.164006	6.097340e+5	2.730	2.450	3.400	2.450	2.500	2.730	2.450	2.730	0.110	0.000000	2.81	2.45	0.00	53
