#Header line 	date 	volatility 	unit 		brkh20 	brkl20 	brkh55 	brkl55 	low10 	high10 	low20 	high20 	truerng	ignore20	add 	sellall	normalizedprice
NOK	2011-12-02	0.284761	3.511710e+5	6.850	5.290	7.310	5.240	5.290	6.510	5.290	6.850	0.180	0.000000	6.99	5.29	0.00	1
NOK	2011-12-01	0.290275	3.445010e+5	6.850	5.290	7.310	5.240	5.290	6.560	5.290	6.850	0.250	0.000000	7.00	5.29	0.00	2
NOK	2011-11-30	0.292395	3.420030e+5	6.850	5.290	7.310	5.240	5.290	6.580	5.290	6.850	0.300	0.000000	7.00	5.29	0.00	3
NOK	2011-11-29	0.291995	3.424720e+5	6.850	5.290	7.310	5.240	5.290	6.580	5.290	6.850	0.210	0.000000	7.00	5.29	0.00	4
NOK	2011-11-28	0.296310	3.374840e+5	7.180	5.290	7.310	5.240	5.290	6.750	5.290	7.180	0.400	0.000000	7.33	5.29	0.00	5
NOK	2011-11-25	0.290853	3.438170e+5	7.310	5.470	7.310	5.240	5.470	6.750	5.470	7.310	0.200	0.000000	7.46	5.47	0.00	6
NOK	2011-11-23	0.295635	3.382560e+5	7.310	5.560	7.310	5.240	5.560	6.750	5.560	7.310	0.240	0.000000	7.46	5.56	0.00	7
NOK	2011-11-22	0.298563	3.349380e+5	7.310	6.020	7.310	5.240	6.020	6.820	6.020	7.310	0.490	0.000000	7.46	6.02	0.00	8
NOK	2011-11-21	0.288487	3.466360e+5	7.310	6.310	7.310	5.240	6.380	6.820	6.310	7.310	0.510	0.000000	7.45	6.31	0.00	9
NOK	2011-11-18	0.276828	3.612350e+5	7.310	6.310	7.310	5.240	6.380	6.820	6.310	7.310	0.130	0.000000	7.45	6.31	0.00	10
NOK	2011-11-17	0.284556	3.514240e+5	7.310	6.310	7.310	5.240	6.380	6.850	6.310	7.310	0.220	0.000000	7.45	6.31	0.00	11
NOK	2011-11-16	0.287954	3.472780e+5	7.310	6.120	7.310	5.240	6.380	6.850	6.120	7.310	0.140	0.000000	7.45	6.12	0.00	12
NOK	2011-11-15	0.295741	3.381340e+5	7.310	6.090	7.310	5.240	6.310	6.850	6.090	7.310	0.180	0.000000	7.46	6.09	0.00	13
NOK	2011-11-14	0.301833	3.313090e+5	7.310	6.000	7.310	5.240	6.310	6.850	6.000	7.310	0.280	0.000000	7.46	6.00	0.00	14
NOK	2011-11-11	0.302982	3.300530e+5	7.310	6.000	7.310	5.240	6.310	7.180	6.000	7.310	0.350	0.000000	7.46	6.00	0.00	15
NOK	2011-11-10	0.300507	3.327710e+5	7.310	6.000	7.310	5.240	6.310	7.310	6.000	7.310	0.180	0.000000	7.46	6.00	0.00	16
NOK	2011-11-09	0.306850	3.258930e+5	7.310	6.000	7.310	5.240	6.310	7.310	6.000	7.310	0.460	0.000000	7.46	6.00	0.00	17
NOK	2011-11-08	0.298789	3.346840e+5	7.310	6.000	7.310	5.240	6.310	7.310	6.000	7.310	0.220	0.000000	7.46	6.00	0.00	18
NOK	2011-11-07	0.302936	3.301030e+5	7.310	6.000	7.310	5.240	6.310	7.310	6.000	7.310	0.160	0.000000	7.46	6.00	0.00	19
NOK	2011-11-04	0.310459	3.221040e+5	7.310	5.840	7.310	5.240	6.310	7.310	5.840	7.310	0.320	0.000000	7.47	5.84	0.00	20
NOK	2011-11-03	0.309957	3.226260e+5	7.310	5.840	7.310	5.240	6.310	7.310	5.840	7.310	0.410	0.000000	7.46	5.84	0.00	21
NOK	2011-11-02	0.304691	3.282010e+5	7.310	5.580	7.310	5.240	6.120	7.310	5.580	7.310	0.250	0.000000	7.46	5.58	0.00	22
NOK	2011-11-01	0.307570	3.251300e+5	7.310	5.390	7.310	5.240	6.090	7.310	5.390	7.310	0.540	0.000000	7.46	5.39	0.00	23
NOK	2011-10-31	0.295336	3.385970e+5	7.310	5.390	7.310	5.240	6.000	7.310	5.390	7.310	0.450	0.000000	7.46	5.39	0.00	24
NOK	2011-10-28	0.287196	3.481940e+5	7.310	5.390	7.310	5.100	6.000	7.310	5.390	7.310	0.200	0.000000	7.45	5.39	0.00	25
NOK	2011-10-27	0.291785	3.427180e+5	6.770	5.390	6.770	4.880	6.000	6.770	5.390	6.770	0.610	0.000000	6.92	5.39	0.00	26
NOK	2011-10-26	0.275037	3.635870e+5	6.760	5.390	6.760	4.880	6.000	6.760	5.390	6.760	0.390	0.000000	6.90	5.39	0.00	27
NOK	2011-10-25	0.268987	3.717660e+5	6.760	5.390	6.760	4.880	6.000	6.760	5.390	6.760	0.270	0.000000	6.89	5.39	0.00	28
NOK	2011-10-24	0.268933	3.718390e+5	6.610	5.390	6.630	4.880	6.000	6.610	5.390	6.610	0.230	0.000000	6.74	5.39	0.00	29
NOK	2011-10-21	0.270982	3.690280e+5	6.500	5.240	6.630	4.880	5.840	6.500	5.240	6.500	0.170	0.000000	6.64	5.24	0.00	30
NOK	2011-10-20	0.276297	3.619290e+5	6.360	5.240	6.630	4.880	5.840	6.360	5.240	6.360	0.600	0.000000	6.50	5.24	0.00	31
NOK	2011-10-19	0.259260	3.857130e+5	6.360	5.240	6.630	4.880	5.580	6.360	5.240	6.360	0.190	0.000000	6.49	5.24	0.00	32
NOK	2011-10-18	0.262906	3.803650e+5	6.360	5.240	6.630	4.880	5.390	6.360	5.240	6.360	0.230	0.000000	6.49	5.24	0.00	33
NOK	2011-10-17	0.264638	3.778750e+5	6.360	5.240	6.630	4.880	5.390	6.360	5.240	6.360	0.340	0.000000	6.49	5.24	0.00	34
NOK	2011-10-14	0.260671	3.836250e+5	6.360	5.240	6.630	4.880	5.390	6.360	5.240	6.360	0.150	0.000000	6.49	5.24	0.00	35
NOK	2011-10-13	0.266496	3.752400e+5	6.360	5.240	6.630	4.880	5.390	6.360	5.240	6.360	0.240	0.000000	6.49	5.24	0.00	36
NOK	2011-10-12	0.267890	3.732870e+5	6.260	5.240	6.630	4.880	5.390	6.190	5.240	6.260	0.270	0.000000	6.39	5.24	0.00	37
NOK	2011-10-11	0.267779	3.734420e+5	6.260	5.240	6.630	4.880	5.390	6.190	5.240	6.260	0.130	0.000000	6.39	5.24	0.00	38
NOK	2011-10-10	0.275031	3.635960e+5	6.260	5.240	6.630	4.880	5.390	5.920	5.240	6.260	0.360	0.000000	6.40	5.24	0.00	39
NOK	2011-10-07	0.270559	3.696050e+5	6.260	5.240	6.630	4.880	5.240	5.920	5.240	6.260	0.140	0.000000	6.40	5.24	0.00	40
NOK	2011-10-06	0.277430	3.604510e+5	6.340	5.240	6.630	4.880	5.240	5.770	5.240	6.340	0.370	0.000000	6.48	5.24	0.00	41
NOK	2011-10-05	0.272558	3.668940e+5	6.390	5.240	6.630	4.880	5.240	5.770	5.240	6.390	0.260	0.000000	6.53	5.24	0.00	42
NOK	2011-10-04	0.273219	3.660060e+5	6.390	5.240	6.630	4.880	5.240	5.890	5.240	6.390	0.340	0.000000	6.53	5.24	0.00	43
NOK	2011-10-03	0.269704	3.707760e+5	6.390	5.240	6.630	4.880	5.240	5.890	5.240	6.390	0.310	0.000000	6.52	5.24	0.00	44
NOK	2011-09-30	0.267584	3.737150e+5	6.630	5.240	6.630	4.880	5.240	6.030	5.240	6.630	0.210	0.000000	6.76	5.24	0.00	45
NOK	2011-09-29	0.270614	3.695300e+5	6.630	5.240	6.630	4.880	5.240	6.260	5.240	6.630	0.280	0.000000	6.77	5.24	0.00	46
NOK	2011-09-28	0.270120	3.702050e+5	6.630	5.240	6.630	4.880	5.240	6.260	5.240	6.630	0.180	0.000000	6.77	5.24	0.00	47
NOK	2011-09-27	0.274863	3.638170e+5	6.630	5.240	6.630	4.880	5.240	6.260	5.240	6.630	0.280	0.000000	6.77	5.24	0.00	48
NOK	2011-09-26	0.274593	3.641750e+5	6.630	5.240	6.630	4.880	5.240	6.260	5.240	6.630	0.300	0.000000	6.77	5.24	0.00	49
NOK	2011-09-23	0.273256	3.659570e+5	6.630	5.260	6.630	4.880	5.260	6.260	5.260	6.630	0.180	0.000000	6.77	5.26	0.00	50
NOK	2011-09-22	0.278164	3.595000e+5	6.630	5.570	6.630	4.880	5.570	6.340	5.570	6.630	0.370	0.000000	6.77	5.57	0.00	51
NOK	2011-09-21	0.273331	3.658570e+5	6.630	5.870	6.630	4.880	5.870	6.390	5.870	6.630	0.330	0.000000	6.77	5.87	0.00	52
NOK	2011-09-20	0.270348	3.698940e+5	6.630	5.870	6.630	4.880	5.870	6.390	5.870	6.630	0.190	0.000000	6.77	5.87	0.00	53
NOK	2011-09-19	0.274577	3.641970e+5	6.630	5.800	6.630	4.880	5.870	6.390	5.800	6.630	0.280	0.000000	6.77	5.80	0.00	54
