#Header line 	date 	volatility 	unit 		brkh20 	brkl20 	brkh55 	brkl55 	low10 	high10 	low20 	high20 	truerng	ignore20	add 	sellall	normalizedprice
UNP	2011-12-02	2.878820	3.473640e+4	103.410	95.160	103.410	79.830	95.160	103.410	95.160	103.410	2.390	0.000000	104.85	95.16	0.00	1
UNP	2011-12-01	2.904550	3.442870e+4	103.410	95.160	103.410	79.830	95.160	103.410	95.160	103.410	1.710	0.000000	104.86	95.16	0.00	2
UNP	2011-11-30	2.967420	3.369930e+4	103.380	95.160	103.380	79.830	95.160	103.380	95.160	103.380	4.330	0.000000	104.86	95.16	0.00	3
UNP	2011-11-29	2.895710	3.453390e+4	103.380	95.160	103.380	79.830	95.160	103.380	95.160	103.380	2.310	0.000000	104.83	95.16	0.00	4
UNP	2011-11-28	2.926530	3.417010e+4	103.380	95.160	103.380	79.830	95.160	103.380	95.160	103.380	3.810	0.000000	104.84	95.16	0.00	5
UNP	2011-11-25	2.880030	3.472180e+4	103.380	96.000	103.380	79.830	96.000	103.380	96.000	103.380	1.760	0.000000	104.82	96.00	0.00	6
UNP	2011-11-23	2.938980	3.402540e+4	103.380	96.830	103.380	79.830	98.250	103.380	96.830	103.380	2.720	0.000000	104.85	96.83	0.00	7
UNP	2011-11-22	2.950510	3.389250e+4	103.380	95.680	103.380	79.830	98.360	103.380	95.680	103.380	1.370	0.000000	104.86	95.68	0.00	8
UNP	2011-11-21	3.033690	3.296310e+4	103.380	95.680	103.380	79.830	98.360	103.380	95.680	103.380	4.540	0.000000	104.90	95.68	0.00	9
UNP	2011-11-18	2.954410	3.384770e+4	103.380	95.680	103.380	79.830	98.360	103.380	95.680	103.380	2.080	0.000000	104.86	95.68	0.00	10
UNP	2011-11-17	3.000440	3.332850e+4	103.380	94.590	103.380	79.830	98.360	103.380	94.590	103.380	2.500	0.000000	104.88	94.59	0.00	11
UNP	2011-11-16	3.026770	3.303850e+4	103.380	90.960	103.380	79.830	98.360	103.380	90.960	103.380	2.620	0.000000	104.89	90.96	0.00	12
UNP	2011-11-15	3.048180	3.280640e+4	102.970	90.960	102.970	79.830	96.830	102.970	90.960	102.970	2.840	0.000000	104.49	90.96	0.00	13
UNP	2011-11-14	3.059140	3.268890e+4	102.880	89.310	102.880	79.830	96.830	102.880	89.310	102.880	1.390	0.000000	104.41	89.31	0.00	14
UNP	2011-11-11	3.146990	3.177640e+4	102.630	89.310	102.630	79.830	96.830	102.330	89.310	102.630	2.790	0.000000	104.20	89.31	0.00	15
UNP	2011-11-10	3.165780	3.158780e+4	102.630	89.310	102.630	79.830	96.830	102.630	89.310	102.630	2.480	0.000000	104.21	89.31	0.00	16
UNP	2011-11-09	3.201870	3.123170e+4	102.630	89.310	102.630	79.830	96.830	102.630	89.310	102.630	4.590	0.000000	104.23	89.31	0.00	17
UNP	2011-11-08	3.128810	3.196100e+4	102.630	89.310	102.630	79.830	95.680	102.630	89.310	102.630	2.980	0.000000	104.19	89.31	0.00	18
UNP	2011-11-07	3.136650	3.188120e+4	102.630	89.310	102.630	79.830	95.680	102.630	89.310	102.630	3.480	0.000000	104.20	89.31	0.00	19
UNP	2011-11-04	3.118570	3.206590e+4	102.630	88.800	102.630	79.830	95.680	102.630	88.800	102.630	3.140	0.000000	104.19	88.80	0.00	20
UNP	2011-11-03	3.117450	3.207750e+4	102.630	88.800	102.630	79.830	94.590	102.630	88.800	102.630	2.830	0.000000	104.19	88.80	0.00	21
UNP	2011-11-02	3.132580	3.192260e+4	102.630	86.430	102.630	79.830	90.960	102.630	86.430	102.630	2.710	0.000000	104.20	86.43	0.00	22
UNP	2011-11-01	3.154820	3.169760e+4	102.630	83.490	102.630	79.830	90.960	102.630	83.490	102.630	4.530	0.000000	104.21	83.49	0.00	23
UNP	2011-10-31	3.082440	3.244180e+4	102.630	79.830	102.630	79.830	89.310	102.630	79.830	102.630	2.510	0.000000	104.17	79.83	0.00	24
UNP	2011-10-28	3.112570	3.212780e+4	102.630	79.830	102.630	79.830	89.310	102.630	79.830	102.630	1.440	0.000000	104.19	79.83	0.00	25
UNP	2011-10-27	3.200600	3.124420e+4	97.910	79.830	97.910	79.830	89.310	97.910	79.830	97.910	5.890	0.000000	99.51	79.83	0.00	26
UNP	2011-10-26	3.059050	3.268990e+4	97.410	79.830	97.410	79.830	89.310	97.410	79.830	97.410	2.820	0.000000	98.94	79.83	0.00	27
UNP	2011-10-25	3.071630	3.255600e+4	97.410	79.830	97.410	79.830	89.310	97.410	79.830	97.410	3.170	0.000000	98.95	79.83	0.00	28
UNP	2011-10-24	3.066450	3.261100e+4	96.960	79.830	96.960	79.830	89.310	96.960	79.830	96.960	1.450	0.000000	98.49	79.83	0.00	29
UNP	2011-10-21	3.151530	3.173060e+4	94.590	79.830	94.590	79.830	88.800	94.590	79.830	94.590	2.410	0.000000	96.17	79.83	0.00	30
UNP	2011-10-20	3.190560	3.134250e+4	92.400	79.830	98.280	79.830	88.800	92.400	79.830	92.400	5.020	0.000000	94.00	79.83	0.00	31
UNP	2011-10-19	3.094270	3.231780e+4	92.400	79.830	98.280	79.830	86.430	92.400	79.830	92.400	2.260	0.000000	93.95	79.83	0.00	32
UNP	2011-10-18	3.138180	3.186560e+4	92.310	79.830	101.310	79.830	83.490	92.310	79.830	92.310	4.480	0.000000	93.88	79.83	0.00	33
UNP	2011-10-17	3.067560	3.259920e+4	92.310	79.830	102.480	79.830	79.830	92.310	79.830	92.310	2.970	0.000000	93.84	79.83	0.00	34
UNP	2011-10-14	3.072690	3.254470e+4	92.310	79.830	103.170	79.830	79.830	92.310	79.830	92.310	1.890	0.000000	93.85	79.83	0.00	35
UNP	2011-10-13	3.134940	3.189850e+4	92.310	79.830	103.170	79.830	79.830	92.310	79.830	92.310	2.440	0.000000	93.88	79.83	0.00	36
UNP	2011-10-12	3.171520	3.153070e+4	92.310	79.830	103.720	79.830	79.830	92.310	79.830	92.310	2.700	0.000000	93.90	79.83	0.00	37
UNP	2011-10-11	3.196330	3.128590e+4	92.000	79.830	104.860	79.830	79.830	92.000	79.830	92.000	2.460	0.000000	93.60	79.83	0.00	38
UNP	2011-10-10	3.235090	3.091110e+4	91.640	79.830	104.860	79.830	79.830	89.530	79.830	91.640	3.200	0.000000	93.26	79.83	0.00	39
UNP	2011-10-07	3.236930	3.089340e+4	91.640	79.830	104.860	79.830	79.830	89.530	79.830	91.640	2.180	0.000000	93.26	79.83	0.00	40
UNP	2011-10-06	3.292560	3.037150e+4	91.640	79.830	104.860	79.830	79.830	86.430	79.830	91.640	4.530	0.000000	93.29	79.83	0.00	41
UNP	2011-10-05	3.227430	3.098440e+4	91.640	79.830	104.860	79.830	79.830	85.660	79.830	91.640	4.220	0.000000	93.25	79.83	0.00	42
UNP	2011-10-04	3.175190	3.149420e+4	91.640	79.830	104.860	79.830	79.830	88.380	79.830	91.640	6.040	0.000000	93.23	79.83	0.00	43
UNP	2011-10-03	3.024410	3.306430e+4	91.640	81.670	104.860	81.670	81.670	89.630	81.670	91.640	3.240	0.000000	93.15	81.67	0.00	44
UNP	2011-09-30	3.013070	3.318880e+4	91.640	82.440	104.860	82.440	82.440	91.640	82.440	91.640	3.560	0.000000	93.15	82.44	0.00	45
UNP	2011-09-29	2.984280	3.350890e+4	92.170	82.440	104.860	82.440	82.440	91.640	82.440	92.170	2.230	0.000000	93.66	82.44	0.00	46
UNP	2011-09-28	3.023980	3.306900e+4	92.750	82.440	104.860	82.440	82.440	91.640	82.440	92.750	3.310	0.000000	94.26	82.44	0.00	47
UNP	2011-09-27	3.008930	3.323450e+4	92.750	82.440	104.860	82.440	82.440	91.640	82.440	92.750	3.590	0.000000	94.25	82.44	0.00	48
UNP	2011-09-26	2.978340	3.357570e+4	92.750	82.440	104.860	82.440	82.440	91.640	82.440	92.750	2.050	0.000000	94.24	82.44	0.00	49
UNP	2011-09-23	3.027200	3.303380e+4	92.750	82.440	106.250	82.440	82.440	91.640	82.440	92.750	1.900	0.000000	94.26	82.44	0.00	50
UNP	2011-09-22	3.086530	3.239880e+4	92.750	83.070	106.590	83.070	83.070	91.640	83.070	92.750	3.800	0.000000	94.29	83.07	0.00	51
UNP	2011-09-21	3.048980	3.279790e+4	92.750	84.290	106.590	84.290	84.290	91.640	84.290	92.750	5.370	0.000000	94.27	84.29	0.00	52
UNP	2011-09-20	2.926820	3.416680e+4	92.750	84.290	106.760	84.290	84.290	91.640	84.290	92.750	2.250	0.000000	94.21	84.29	0.00	53
UNP	2011-09-19	2.962440	3.375590e+4	92.750	84.290	106.760	84.290	84.290	91.640	84.290	92.750	3.550	0.000000	94.23	84.29	0.00	54
