#Header line 	date 	volatility 	unit 		brkh20 	brkl20 	brkh55 	brkl55 	low10 	high10 	low20 	high20 	truerng	ignore20	add 	sellall	normalizedprice
BEXP	2011-12-01	0.453885	2.203200e+5	36.470	36.340	36.750	23.190	36.340	36.470	36.340	36.470	0.060	0.000000	36.70	36.34	0.00	1
BEXP	2011-11-30	0.474616	2.106970e+5	36.470	36.340	36.750	23.190	36.340	36.470	36.340	36.470	0.050	0.000000	36.71	36.34	0.00	2
BEXP	2011-11-29	0.496964	2.012220e+5	36.470	36.340	36.750	23.190	36.340	36.470	36.340	36.470	0.060	0.000000	36.72	36.34	0.00	3
BEXP	2011-11-28	0.519963	1.923220e+5	36.490	36.340	36.750	23.190	36.340	36.440	36.340	36.490	0.090	0.000000	36.75	36.34	0.00	4
BEXP	2011-11-25	0.542592	1.843000e+5	36.490	36.340	36.750	23.190	36.340	36.440	36.340	36.490	0.030	0.000000	36.76	36.34	0.00	5
BEXP	2011-11-23	0.569571	1.755710e+5	36.520	36.340	36.750	23.190	36.340	36.440	36.340	36.520	0.090	0.000000	36.80	36.34	0.00	6
BEXP	2011-11-22	0.594811	1.681210e+5	36.520	36.350	36.750	23.190	36.370	36.440	36.350	36.520	0.240	0.000000	36.82	36.35	0.00	7
BEXP	2011-11-21	0.613486	1.630030e+5	36.520	36.350	36.750	23.190	36.360	36.440	36.350	36.520	0.050	0.000000	36.83	36.35	0.00	8
BEXP	2011-11-18	0.643143	1.554860e+5	36.540	36.350	36.750	23.190	36.360	36.440	36.350	36.540	0.030	0.000000	36.86	36.35	0.00	9
BEXP	2011-11-17	0.675413	1.480580e+5	36.570	36.350	36.750	23.190	36.360	36.440	36.350	36.570	0.040	0.000000	36.91	36.35	0.00	10
BEXP	2011-11-16	0.708856	1.410720e+5	36.570	36.350	36.750	23.190	36.360	36.440	36.350	36.570	0.060	0.000000	36.92	36.35	0.00	11
BEXP	2011-11-15	0.743006	1.345880e+5	36.570	36.350	36.750	23.190	36.350	36.420	36.350	36.570	0.110	0.000000	36.94	36.35	0.00	12
BEXP	2011-11-14	0.776323	1.288120e+5	36.750	36.350	36.750	23.190	36.350	36.420	36.350	36.750	0.030	0.000000	37.14	36.35	0.00	13
BEXP	2011-11-11	0.815603	1.226090e+5	36.750	30.360	36.750	23.190	36.350	36.490	30.360	36.750	0.040	0.000000	37.16	30.36	0.00	14
BEXP	2011-11-10	0.856424	1.167650e+5	36.750	28.660	36.750	23.190	36.350	36.490	28.660	36.750	0.050	0.000000	37.18	28.66	0.00	15
BEXP	2011-11-09	0.898867	1.112510e+5	36.750	28.050	36.750	23.190	36.350	36.520	28.050	36.750	0.040	0.000000	37.20	28.05	0.00	16
BEXP	2011-11-08	0.944071	1.059240e+5	36.750	27.460	36.750	23.190	36.350	36.520	27.460	36.750	0.060	0.000000	37.22	27.46	0.00	17
BEXP	2011-11-07	0.990601	1.009490e+5	36.750	27.350	36.750	23.190	36.350	36.520	27.350	36.750	0.050	0.000000	37.25	27.35	0.00	18
BEXP	2011-11-04	1.040110	9.614400e+4	36.750	25.700	36.750	23.190	36.350	36.540	25.700	36.750	0.040	0.000000	37.27	25.70	0.00	19
BEXP	2011-11-03	1.092740	9.151280e+4	36.750	25.700	36.750	23.190	36.350	36.570	25.700	36.750	0.060	0.000000	37.30	25.70	0.00	20
BEXP	2011-11-02	1.147100	8.717650e+4	36.750	25.700	36.750	23.190	36.350	36.570	25.700	36.750	0.070	0.000000	37.32	25.70	0.00	21
BEXP	2011-11-01	1.203790	8.307110e+4	36.750	24.130	36.750	23.190	36.420	36.570	24.130	36.750	0.070	0.000000	37.35	24.13	0.00	22
BEXP	2011-10-31	1.263460	7.914770e+4	36.750	23.190	36.750	23.190	36.440	36.750	23.190	36.750	0.090	0.000000	37.38	23.19	0.00	23
BEXP	2011-10-28	1.325220	7.545910e+4	36.750	23.190	36.750	23.190	30.360	36.750	23.190	36.750	0.090	0.000000	37.41	23.19	0.00	24
BEXP	2011-10-27	1.390230	7.193040e+4	36.750	23.190	36.750	23.190	28.660	36.750	23.190	36.750	0.100	0.000000	37.45	23.19	0.00	25
BEXP	2011-10-26	1.458140	6.858050e+4	36.750	23.190	36.750	23.190	28.050	36.750	23.190	36.750	0.140	0.000000	37.48	23.19	0.00	26
BEXP	2011-10-25	1.527520	6.546580e+4	36.750	23.190	36.750	22.710	27.460	36.750	23.190	36.750	0.080	0.000000	37.51	23.19	0.00	27
BEXP	2011-10-24	1.603700	6.235580e+4	36.750	23.190	36.750	22.710	27.350	36.750	23.190	36.750	0.100	0.000000	37.55	23.19	0.00	28
BEXP	2011-10-21	1.682840	5.942320e+4	36.750	23.190	36.750	22.710	25.700	36.750	23.190	36.750	0.100	0.000000	37.59	23.19	0.00	29
BEXP	2011-10-20	1.766150	5.662030e+4	36.750	23.190	36.750	22.710	25.700	36.750	23.190	36.750	0.170	0.000000	37.63	23.19	0.00	30
BEXP	2011-10-19	1.850160	5.404940e+4	36.750	23.190	36.750	22.710	25.700	36.750	23.190	36.750	0.100	0.000000	37.68	23.19	0.00	31
BEXP	2011-10-18	1.942270	5.148610e+4	36.750	23.190	36.750	22.710	24.130	36.750	23.190	36.750	0.330	0.000000	37.72	23.19	0.00	32
BEXP	2011-10-17	2.027130	4.933090e+4	30.360	23.190	31.990	22.710	23.190	30.360	23.190	30.360	6.420	0.000000	31.37	23.19	0.00	33
BEXP	2011-10-14	1.795930	5.568160e+4	30.570	23.190	31.990	22.710	23.190	28.660	23.190	30.570	1.790	0.000000	31.47	23.19	0.00	34
BEXP	2011-10-13	1.796240	5.567190e+4	30.570	23.190	32.400	22.710	23.190	28.050	23.190	30.570	1.650	0.000000	31.47	23.19	0.00	35
BEXP	2011-10-12	1.803930	5.543440e+4	30.570	23.190	32.740	22.710	23.190	27.460	23.190	30.570	1.430	0.000000	31.47	23.19	0.00	36
BEXP	2011-10-11	1.823610	5.483610e+4	30.570	23.190	33.100	22.710	23.190	27.350	23.190	30.570	1.440	0.000000	31.48	23.19	0.00	37
BEXP	2011-10-10	1.843800	5.423570e+4	30.570	23.190	33.580	22.710	23.190	26.970	23.190	30.570	2.050	0.000000	31.49	23.19	0.00	38
BEXP	2011-10-07	1.832950	5.455680e+4	30.570	23.190	33.580	22.710	23.190	26.970	23.190	30.570	1.300	0.000000	31.49	23.19	0.00	39
BEXP	2011-10-06	1.861000	5.373450e+4	30.570	23.190	33.580	22.710	23.190	26.970	23.190	30.570	1.780	0.000000	31.50	23.19	0.00	40
BEXP	2011-10-05	1.865270	5.361170e+4	30.570	23.190	33.580	22.710	23.190	28.310	23.190	30.570	2.770	0.000000	31.50	23.19	0.00	41
BEXP	2011-10-04	1.817650	5.501610e+4	30.570	23.190	33.580	22.710	23.190	28.990	23.190	30.570	2.980	0.000000	31.48	23.19	0.00	42
BEXP	2011-10-03	1.756470	5.693230e+4	30.570	25.100	33.580	22.710	25.100	29.440	25.100	30.570	2.550	0.000000	31.45	25.10	0.00	43
BEXP	2011-09-30	1.714710	5.831900e+4	30.570	25.100	33.580	22.710	25.100	30.570	25.100	30.570	1.220	0.000000	31.43	25.10	0.00	44
BEXP	2011-09-29	1.740740	5.744670e+4	30.570	25.100	33.580	22.710	25.100	30.570	25.100	30.570	2.180	0.000000	31.44	25.10	0.00	45
BEXP	2011-09-28	1.717630	5.821990e+4	30.570	25.100	33.580	22.710	25.100	30.570	25.100	30.570	2.160	0.000000	31.43	25.10	0.00	46
BEXP	2011-09-27	1.694340	5.901990e+4	30.570	25.100	33.580	22.710	25.100	30.570	25.100	30.570	1.630	0.000000	31.42	25.10	0.00	47
BEXP	2011-09-26	1.697730	5.890220e+4	30.570	25.100	33.580	22.710	25.100	30.570	25.100	30.570	1.990	0.000000	31.42	25.10	0.00	48
BEXP	2011-09-23	1.682350	5.944080e+4	30.570	25.710	33.580	22.710	25.710	30.570	25.710	30.570	1.410	0.000000	31.41	25.71	0.00	49
BEXP	2011-09-22	1.696680	5.893860e+4	30.570	26.530	33.580	22.710	28.080	30.570	26.530	30.570	3.270	0.000000	31.42	26.53	0.00	50
BEXP	2011-09-21	1.613870	6.196270e+4	30.570	26.530	33.580	22.710	28.080	30.570	26.530	30.570	2.470	0.000000	31.38	26.53	0.00	51
BEXP	2011-09-20	1.568820	6.374240e+4	30.570	25.660	33.580	22.710	28.080	30.570	25.660	30.570	1.300	0.000000	31.35	25.66	0.00	52
BEXP	2011-09-19	1.582960	6.317270e+4	30.570	25.660	33.580	22.710	27.920	30.570	25.660	30.570	1.900	0.000000	31.36	25.66	0.00	53
