#Header line 	date 	volatility 	unit 		brkh20 	brkl20 	brkh55 	brkl55 	low10 	high10 	low20 	high20 	truerng	ignore20	add 	sellall	normalizedprice
PEY-UN	2011-12-01	0.664207	1.505560e+5	24.500	21.890	24.500	19.110	22.470	24.500	21.890	24.500	0.540	0.000000	24.83	21.89	0.00	1
PEY-UN	2011-11-30	0.670744	1.490880e+5	23.950	21.890	23.950	19.110	22.470	23.950	21.890	23.950	0.800	0.000000	24.29	21.89	0.00	2
PEY-UN	2011-11-29	0.663941	1.506160e+5	23.950	21.320	23.950	19.110	22.470	23.950	21.320	23.950	0.500	0.000000	24.28	21.32	0.00	3
PEY-UN	2011-11-28	0.672569	1.486840e+5	23.510	21.320	23.510	19.110	22.470	23.510	21.320	23.510	0.980	0.000000	23.85	21.32	0.00	4
PEY-UN	2011-11-25	0.656389	1.523490e+5	23.510	21.320	23.510	19.110	22.470	23.510	21.320	23.510	1.130	0.000000	23.84	21.32	0.00	5
PEY-UN	2011-11-24	0.631462	1.583630e+5	23.510	21.320	23.510	19.110	22.700	23.510	21.320	23.510	0.860	0.000000	23.83	21.32	0.00	6
PEY-UN	2011-11-23	0.619433	1.614380e+5	23.510	21.320	23.510	19.110	21.890	23.510	21.320	23.510	1.080	0.000000	23.82	21.32	0.00	7
PEY-UN	2011-11-22	0.595193	1.680130e+5	23.510	21.320	23.510	19.110	21.890	23.510	21.320	23.510	0.440	0.000000	23.81	21.32	0.00	8
PEY-UN	2011-11-21	0.603361	1.657380e+5	23.510	21.320	23.510	19.110	21.890	23.510	21.320	23.510	0.550	0.000000	23.81	21.32	0.00	9
PEY-UN	2011-11-18	0.606170	1.649700e+5	23.510	21.320	23.510	19.110	21.890	23.510	21.320	23.510	0.750	0.000000	23.81	21.32	0.00	10
PEY-UN	2011-11-17	0.598600	1.670570e+5	23.510	21.320	23.510	19.110	21.890	23.510	21.320	23.510	0.430	0.000000	23.81	21.32	0.00	11
PEY-UN	2011-11-16	0.607473	1.646160e+5	23.300	21.100	23.300	19.110	21.890	23.300	21.100	23.300	0.420	0.000000	23.60	21.10	0.00	12
PEY-UN	2011-11-15	0.617340	1.619850e+5	23.260	21.100	23.260	19.110	21.320	23.260	21.100	23.260	0.580	0.000000	23.57	21.10	0.00	13
PEY-UN	2011-11-14	0.619305	1.614710e+5	23.000	20.800	23.000	19.110	21.320	23.000	20.800	23.000	0.560	0.000000	23.31	20.80	0.00	14
PEY-UN	2011-11-11	0.622427	1.606610e+5	22.950	20.800	22.950	19.110	21.320	22.950	20.800	22.950	0.840	0.000000	23.26	20.80	0.00	15
PEY-UN	2011-11-10	0.610976	1.636730e+5	22.410	20.800	22.410	19.110	21.320	22.410	20.800	22.410	1.310	0.000000	22.72	20.80	0.00	16
PEY-UN	2011-11-09	0.574185	1.741600e+5	22.410	20.800	22.410	19.110	21.320	22.410	20.800	22.410	0.570	0.000000	22.70	20.80	0.00	17
PEY-UN	2011-11-08	0.574405	1.740930e+5	22.410	20.800	22.410	19.110	21.320	22.410	20.800	22.410	0.680	0.000000	22.70	20.80	0.00	18
PEY-UN	2011-11-07	0.568847	1.757940e+5	22.250	20.280	22.250	19.110	21.320	22.250	20.280	22.250	0.440	0.000000	22.53	20.28	0.00	19
PEY-UN	2011-11-04	0.575629	1.737230e+5	22.250	20.280	22.440	19.110	21.320	22.250	20.280	22.250	0.260	0.000000	22.54	20.28	0.00	20
PEY-UN	2011-11-03	0.592241	1.688500e+5	22.110	19.750	22.640	19.110	21.320	22.110	19.750	22.110	0.530	0.000000	22.41	19.75	0.00	21
PEY-UN	2011-11-02	0.595517	1.679210e+5	22.110	19.110	22.640	19.110	21.100	22.110	19.110	22.110	0.660	0.000000	22.41	19.11	0.00	22
PEY-UN	2011-11-01	0.592123	1.688840e+5	22.110	19.110	22.640	19.110	21.100	22.110	19.110	22.110	0.750	0.000000	22.41	19.11	0.00	23
PEY-UN	2011-10-31	0.583814	1.712880e+5	22.110	19.110	22.640	19.110	20.800	22.110	19.110	22.110	0.330	0.000000	22.40	19.11	0.00	24
PEY-UN	2011-10-28	0.597172	1.674560e+5	22.110	19.110	22.640	19.110	20.800	22.110	19.110	22.110	0.220	0.000000	22.41	19.11	0.00	25
PEY-UN	2011-10-27	0.617023	1.620680e+5	21.890	19.110	22.640	19.110	20.800	21.890	19.110	21.890	0.540	0.000000	22.20	19.11	0.00	26
PEY-UN	2011-10-26	0.621077	1.610110e+5	21.800	19.110	22.640	19.110	20.800	21.800	19.110	21.800	0.490	0.000000	22.11	19.11	0.00	27
PEY-UN	2011-10-25	0.627976	1.592420e+5	21.800	19.110	22.640	19.110	20.800	21.800	19.110	21.800	0.360	0.000000	22.11	19.11	0.00	28
PEY-UN	2011-10-24	0.642080	1.557440e+5	21.480	19.110	22.640	19.110	20.280	21.480	19.110	21.480	0.570	0.000000	21.80	19.11	0.00	29
PEY-UN	2011-10-21	0.645874	1.548290e+5	21.370	19.110	23.000	19.110	20.280	21.370	19.110	21.370	0.300	0.000000	21.69	19.11	0.00	30
PEY-UN	2011-10-20	0.664078	1.505850e+5	21.220	19.110	23.390	19.110	19.750	21.220	19.110	21.220	0.680	0.000000	21.55	19.11	0.00	31
PEY-UN	2011-10-19	0.663240	1.507750e+5	21.390	19.110	23.390	19.110	19.110	21.220	19.110	21.390	0.690	0.000000	21.72	19.11	0.00	32
PEY-UN	2011-10-18	0.661831	1.510960e+5	21.390	19.110	23.390	19.110	19.110	21.100	19.110	21.390	0.870	0.000000	21.72	19.11	0.00	33
PEY-UN	2011-10-17	0.650875	1.536390e+5	21.390	19.110	23.390	19.110	19.110	21.100	19.110	21.390	0.580	0.000000	21.72	19.11	0.00	34
PEY-UN	2011-10-14	0.654605	1.527640e+5	21.390	19.110	23.390	19.110	19.110	21.100	19.110	21.390	0.370	0.000000	21.72	19.11	0.00	35
PEY-UN	2011-10-13	0.669584	1.493460e+5	21.390	19.110	23.390	19.110	19.110	21.100	19.110	21.390	0.300	0.000000	21.72	19.11	0.00	36
PEY-UN	2011-10-12	0.689036	1.451300e+5	21.390	19.110	23.390	19.110	19.110	20.850	19.110	21.390	0.440	0.000000	21.73	19.11	0.00	37
PEY-UN	2011-10-11	0.702143	1.424210e+5	21.390	19.110	23.390	19.110	19.110	20.730	19.110	21.390	0.950	0.000000	21.74	19.11	0.00	38
PEY-UN	2011-10-07	0.689098	1.451170e+5	21.390	19.110	23.390	19.110	19.110	20.730	19.110	21.390	0.490	0.000000	21.73	19.11	0.00	39
PEY-UN	2011-10-06	0.699577	1.429430e+5	21.390	19.110	23.390	19.110	19.110	20.730	19.110	21.390	0.750	0.000000	21.74	19.11	0.00	40
PEY-UN	2011-10-05	0.696923	1.434880e+5	21.650	19.110	23.390	19.110	19.110	20.950	19.110	21.650	0.820	0.000000	22.00	19.11	0.00	41
PEY-UN	2011-10-04	0.690446	1.448340e+5	21.650	19.380	23.390	19.380	19.380	21.390	19.380	21.650	0.790	0.000000	22.00	19.38	0.00	42
PEY-UN	2011-10-03	0.685206	1.459420e+5	21.790	19.910	23.390	19.910	19.910	21.390	19.910	21.790	0.660	0.000000	22.13	19.91	0.00	43
PEY-UN	2011-09-30	0.686533	1.456600e+5	21.960	19.910	23.390	19.910	19.910	21.390	19.910	21.960	0.430	0.000000	22.30	19.91	0.00	44
PEY-UN	2011-09-29	0.700034	1.428500e+5	22.080	19.910	23.390	19.910	19.910	21.390	19.910	22.080	0.730	0.000000	22.43	19.91	0.00	45
PEY-UN	2011-09-28	0.698457	1.431730e+5	22.150	19.910	23.390	19.910	19.910	21.390	19.910	22.150	0.820	0.000000	22.50	19.91	0.00	46
PEY-UN	2011-09-27	0.692060	1.444960e+5	22.150	19.910	23.390	19.910	19.910	21.390	19.910	22.150	1.770	0.000000	22.50	19.91	0.00	47
PEY-UN	2011-09-26	0.635326	1.573990e+5	22.150	19.910	23.390	19.910	19.910	21.390	19.910	22.150	0.760	0.000000	22.47	19.91	0.00	48
PEY-UN	2011-09-23	0.628765	1.590420e+5	22.150	19.910	23.390	19.910	19.910	21.390	19.910	22.150	0.790	0.000000	22.46	19.91	0.00	49
PEY-UN	2011-09-22	0.620279	1.612180e+5	22.150	20.110	23.390	20.110	20.110	21.390	20.110	22.150	1.200	0.000000	22.46	20.11	0.00	50
PEY-UN	2011-09-21	0.589767	1.695580e+5	22.150	20.110	23.390	20.110	20.110	21.650	20.110	22.150	0.620	0.000000	22.44	20.11	0.00	51
PEY-UN	2011-09-20	0.588176	1.700170e+5	22.150	20.110	23.390	20.110	20.110	21.650	20.110	22.150	0.540	0.000000	22.44	20.11	0.00	52
PEY-UN	2011-09-19	0.590711	1.692870e+5	22.150	20.110	23.390	20.110	20.110	21.790	20.110	22.150	0.730	0.000000	22.45	20.11	0.00	53
