#Header line 	date 	volatility 	unit 		brkh20 	brkl20 	brkh55 	brkl55 	low10 	high10 	low20 	high20 	truerng	ignore20	add 	sellall	normalizedprice
HR-UN	2011-12-01	0.437597	2.285210e+5	23.300	21.570	23.300	19.820	22.180	23.300	21.570	23.300	0.400	0.000000	23.52	21.57	0.00	1
HR-UN	2011-11-30	0.439576	2.274920e+5	22.920	21.570	22.920	19.820	22.180	22.920	21.570	22.920	0.830	0.000000	23.14	21.57	0.00	2
HR-UN	2011-11-29	0.419027	2.386480e+5	22.920	21.570	22.920	19.820	21.800	22.920	21.570	22.920	0.820	0.000000	23.13	21.57	0.00	3
HR-UN	2011-11-28	0.397923	2.513050e+5	22.500	21.570	22.500	19.820	21.800	22.500	21.570	22.500	0.740	0.000000	22.70	21.57	0.00	4
HR-UN	2011-11-25	0.379919	2.632140e+5	22.500	21.500	22.500	19.820	21.800	22.500	21.500	22.500	0.330	0.000000	22.69	21.50	0.00	5
HR-UN	2011-11-24	0.382547	2.614060e+5	22.500	21.250	22.500	19.820	21.570	22.500	21.250	22.500	0.240	0.000000	22.69	21.25	0.00	6
HR-UN	2011-11-23	0.390049	2.563780e+5	22.500	21.250	22.500	19.820	21.570	22.500	21.250	22.500	0.350	0.000000	22.70	21.25	0.00	7
HR-UN	2011-11-22	0.392157	2.550000e+5	22.480	21.250	22.480	19.820	21.570	22.480	21.250	22.480	0.360	0.000000	22.68	21.25	0.00	8
HR-UN	2011-11-21	0.393849	2.539040e+5	22.480	21.160	22.480	19.820	21.570	22.480	21.160	22.480	0.400	0.000000	22.68	21.16	0.00	9
HR-UN	2011-11-18	0.393526	2.541130e+5	22.330	20.990	22.330	19.820	21.570	22.330	20.990	22.330	0.390	0.000000	22.53	20.99	0.00	10
HR-UN	2011-11-17	0.393711	2.539930e+5	22.330	20.450	22.330	19.820	21.570	22.330	20.450	22.330	0.550	0.000000	22.53	20.45	0.00	11
HR-UN	2011-11-16	0.385486	2.594130e+5	22.330	20.320	22.330	19.820	21.570	22.330	20.320	22.330	0.440	0.000000	22.52	20.32	0.00	12
HR-UN	2011-11-15	0.382616	2.613580e+5	22.330	20.320	22.330	19.820	21.570	22.330	20.320	22.330	0.150	0.000000	22.52	20.32	0.00	13
HR-UN	2011-11-14	0.394859	2.532550e+5	22.330	20.190	22.330	19.820	21.570	22.330	20.190	22.330	0.100	0.000000	22.53	20.19	0.00	14
HR-UN	2011-11-11	0.410378	2.436780e+5	22.330	20.190	22.330	19.820	21.500	22.330	20.190	22.330	0.410	0.000000	22.54	20.19	0.00	15
HR-UN	2011-11-10	0.410398	2.436660e+5	22.330	20.190	22.330	19.820	21.250	22.330	20.190	22.330	0.330	0.000000	22.54	20.19	0.00	16
HR-UN	2011-11-09	0.414630	2.411790e+5	22.330	20.190	22.330	19.820	21.250	22.330	20.190	22.330	0.750	0.000000	22.54	20.19	0.00	17
HR-UN	2011-11-08	0.396979	2.519030e+5	22.100	19.950	22.260	19.820	21.250	22.100	19.950	22.100	0.260	0.000000	22.30	19.95	0.00	18
HR-UN	2011-11-07	0.404188	2.474100e+5	22.100	19.820	22.260	19.820	21.160	22.100	19.820	22.100	0.400	0.000000	22.30	19.82	0.00	19
HR-UN	2011-11-04	0.404408	2.472750e+5	22.060	19.820	22.260	19.820	20.990	22.060	19.820	22.060	0.340	0.000000	22.26	19.82	0.00	20
HR-UN	2011-11-03	0.407798	2.452190e+5	21.830	19.820	22.260	19.820	20.450	21.830	19.820	21.830	0.530	0.000000	22.03	19.82	0.00	21
HR-UN	2011-11-02	0.401367	2.491490e+5	21.770	19.820	22.260	19.820	20.320	21.770	19.820	21.770	0.280	0.000000	21.97	19.82	0.00	22
HR-UN	2011-11-01	0.407754	2.452460e+5	21.770	19.820	22.260	19.820	20.320	21.770	19.820	21.770	0.440	0.000000	21.97	19.82	0.00	23
HR-UN	2011-10-31	0.406057	2.462710e+5	21.500	19.820	22.260	19.820	20.190	21.500	19.820	21.500	0.330	0.000000	21.70	19.82	0.00	24
HR-UN	2011-10-28	0.410060	2.438670e+5	21.410	19.820	22.260	19.820	20.190	21.410	19.820	21.410	0.330	0.000000	21.61	19.82	0.00	25
HR-UN	2011-10-27	0.414274	2.413860e+5	21.500	19.820	22.260	19.820	20.190	21.410	19.820	21.500	0.560	0.000000	21.71	19.82	0.00	26
HR-UN	2011-10-26	0.406604	2.459390e+5	21.640	19.820	22.260	19.820	20.190	21.410	19.820	21.640	0.240	0.000000	21.84	19.82	0.00	27
HR-UN	2011-10-25	0.415373	2.407480e+5	21.640	19.820	22.260	19.820	19.950	21.160	19.820	21.640	0.370	0.000000	21.85	19.82	0.00	28
HR-UN	2011-10-24	0.417761	2.393710e+5	21.650	19.820	22.260	19.820	19.820	20.990	19.820	21.650	0.300	0.000000	21.86	19.82	0.00	29
HR-UN	2011-10-21	0.423959	2.358720e+5	21.650	19.820	22.260	19.820	19.820	20.450	19.820	21.650	0.610	0.000000	21.86	19.82	0.00	30
HR-UN	2011-10-20	0.414167	2.414480e+5	21.840	19.820	22.260	19.820	19.820	20.410	19.820	21.840	0.210	0.000000	22.05	19.82	0.00	31
HR-UN	2011-10-19	0.424913	2.353420e+5	22.260	19.820	22.260	19.820	19.820	20.410	19.820	22.260	0.220	0.000000	22.47	19.82	0.00	32
HR-UN	2011-10-18	0.435698	2.295170e+5	22.260	19.820	22.260	19.820	19.820	20.320	19.820	22.260	0.320	0.000000	22.48	19.82	0.00	33
HR-UN	2011-10-17	0.441787	2.263530e+5	22.260	19.820	22.260	19.820	19.820	20.970	19.820	22.260	0.190	0.000000	22.48	19.82	0.00	34
HR-UN	2011-10-14	0.455039	2.197610e+5	22.260	19.820	22.260	19.820	19.820	21.220	19.820	22.260	0.330	0.000000	22.49	19.82	0.00	35
HR-UN	2011-10-13	0.461620	2.166280e+5	22.260	19.820	22.260	19.820	19.820	21.500	19.820	22.260	0.330	0.000000	22.49	19.82	0.00	36
HR-UN	2011-10-12	0.468547	2.134260e+5	22.260	19.820	22.260	19.820	19.820	21.640	19.820	22.260	0.430	0.000000	22.49	19.82	0.00	37
HR-UN	2011-10-11	0.470576	2.125060e+5	22.260	19.820	22.260	19.820	19.820	21.640	19.820	22.260	0.380	0.000000	22.50	19.82	0.00	38
HR-UN	2011-10-07	0.475343	2.103740e+5	22.260	19.940	22.260	19.850	19.940	21.650	19.940	22.260	0.340	0.000000	22.50	19.94	0.00	39
HR-UN	2011-10-06	0.482467	2.072680e+5	22.260	19.960	22.260	19.850	19.960	21.650	19.960	22.260	0.550	0.000000	22.50	19.96	0.00	40
HR-UN	2011-10-05	0.478912	2.088070e+5	22.260	19.960	22.260	19.850	19.960	21.840	19.960	22.260	0.590	0.000000	22.50	19.96	0.00	41
HR-UN	2011-10-04	0.473065	2.113870e+5	22.260	20.300	22.260	19.850	20.300	22.260	20.300	22.260	1.050	0.000000	22.50	20.30	0.00	42
HR-UN	2011-10-03	0.442700	2.258860e+5	22.260	20.730	22.260	19.850	20.970	22.260	20.730	22.260	0.700	0.000000	22.48	20.73	0.00	43
HR-UN	2011-09-30	0.429158	2.330140e+5	22.260	20.730	22.260	19.850	21.220	22.260	20.730	22.260	0.260	0.000000	22.47	20.73	0.00	44
HR-UN	2011-09-29	0.438061	2.282780e+5	22.260	20.730	22.260	19.850	21.500	22.260	20.730	22.260	0.520	0.000000	22.48	20.73	0.00	45
HR-UN	2011-09-28	0.433749	2.305480e+5	22.260	20.730	22.260	19.850	21.540	22.260	20.730	22.260	0.340	0.000000	22.48	20.73	0.00	46
HR-UN	2011-09-27	0.438683	2.279550e+5	22.260	20.650	22.260	19.850	21.430	22.260	20.650	22.260	0.210	0.000000	22.48	20.65	0.00	47
HR-UN	2011-09-26	0.450719	2.218680e+5	22.260	20.430	22.260	19.850	20.900	22.260	20.430	22.260	0.430	0.000000	22.49	20.43	0.00	48
HR-UN	2011-09-23	0.451809	2.213320e+5	22.260	20.430	22.260	19.850	20.900	22.260	20.430	22.260	0.500	0.000000	22.49	20.43	0.00	49
HR-UN	2011-09-22	0.449273	2.225820e+5	22.260	20.430	22.260	19.850	20.900	22.260	20.430	22.260	0.760	0.000000	22.48	20.43	0.00	50
HR-UN	2011-09-21	0.432919	2.309900e+5	22.260	20.430	22.260	19.850	20.900	22.260	20.430	22.260	0.490	0.000000	22.48	20.43	0.00	51
HR-UN	2011-09-20	0.429915	2.326040e+5	22.000	20.430	22.150	19.850	20.730	22.000	20.430	22.000	0.280	0.000000	22.21	20.43	0.00	52
HR-UN	2011-09-19	0.437805	2.284120e+5	21.950	20.130	22.150	19.850	20.730	21.950	20.130	21.950	0.280	0.000000	22.17	20.13	0.00	53
