#Header line 	date 	volatility 	unit 		brkh20 	brkl20 	brkh55 	brkl55 	low10 	high10 	low20 	high20 	truerng	ignore20	add 	sellall	normalizedprice
KEY-UN	2011-12-01	0.678375	1.474110e+5	46.990	45.310	46.990	43.720	45.310	46.500	45.310	46.990	0.750	0.000000	47.33	45.31	0.00	1
KEY-UN	2011-11-30	0.674606	1.482350e+5	46.990	45.310	46.990	43.720	45.310	46.500	45.310	46.990	0.750	0.000000	47.33	45.31	0.00	2
KEY-UN	2011-11-29	0.670637	1.491120e+5	46.990	45.310	46.990	43.720	45.310	46.500	45.310	46.990	0.190	0.000000	47.33	45.31	0.00	3
KEY-UN	2011-11-28	0.695934	1.436920e+5	46.990	45.470	46.990	43.720	45.560	46.860	45.470	46.990	0.580	0.000000	47.34	45.47	0.00	4
KEY-UN	2011-11-25	0.702036	1.424430e+5	46.990	45.470	46.990	43.720	45.700	46.990	45.470	46.990	0.330	0.000000	47.34	45.47	0.00	5
KEY-UN	2011-11-24	0.721617	1.385780e+5	46.990	45.470	46.990	43.720	45.900	46.990	45.470	46.990	0.300	0.000000	47.35	45.47	0.00	6
KEY-UN	2011-11-23	0.743807	1.344430e+5	46.990	45.470	46.990	43.720	45.930	46.990	45.470	46.990	0.360	0.000000	47.36	45.47	0.00	7
KEY-UN	2011-11-22	0.764008	1.308890e+5	46.990	45.260	46.990	43.720	45.930	46.990	45.260	46.990	0.400	0.000000	47.37	45.26	0.00	8
KEY-UN	2011-11-21	0.783166	1.276870e+5	46.990	45.260	46.990	43.720	46.050	46.990	45.260	46.990	0.440	0.000000	47.38	45.26	0.00	9
KEY-UN	2011-11-18	0.801227	1.248090e+5	46.990	45.260	46.990	43.720	46.050	46.990	45.260	46.990	0.410	0.000000	47.39	45.26	0.00	10
KEY-UN	2011-11-17	0.821818	1.216810e+5	46.990	45.260	46.990	43.720	46.050	46.990	45.260	46.990	1.040	0.000000	47.40	45.26	0.00	11
KEY-UN	2011-11-16	0.810335	1.234060e+5	46.990	45.260	46.990	43.720	46.050	46.990	45.260	46.990	0.590	0.000000	47.40	45.26	0.00	12
KEY-UN	2011-11-15	0.821931	1.216650e+5	46.990	45.260	46.990	43.290	45.500	46.990	45.260	46.990	0.490	0.000000	47.40	45.26	0.00	13
KEY-UN	2011-11-14	0.839401	1.191330e+5	46.990	45.260	46.990	42.650	45.470	46.990	45.260	46.990	0.530	0.000000	47.41	45.26	0.00	14
KEY-UN	2011-11-11	0.855686	1.168650e+5	46.850	45.130	46.850	42.650	45.470	46.850	45.130	46.850	0.680	0.000000	47.28	45.13	0.00	15
KEY-UN	2011-11-10	0.864932	1.156160e+5	46.850	45.130	46.850	42.600	45.470	46.850	45.130	46.850	0.750	0.000000	47.28	45.13	0.00	16
KEY-UN	2011-11-09	0.870981	1.148130e+5	46.850	44.900	46.850	42.330	45.470	46.850	44.900	46.850	0.630	0.000000	47.29	44.90	0.00	17
KEY-UN	2011-11-08	0.883665	1.131650e+5	46.850	44.900	46.850	41.910	45.260	46.850	44.900	46.850	0.440	0.000000	47.29	44.90	0.00	18
KEY-UN	2011-11-07	0.907015	1.102520e+5	46.850	44.650	46.850	41.910	45.260	46.850	44.650	46.850	0.590	0.000000	47.30	44.65	0.00	19
KEY-UN	2011-11-04	0.923700	1.082600e+5	46.850	44.650	46.850	41.910	45.260	46.850	44.650	46.850	0.260	0.000000	47.31	44.65	0.00	20
KEY-UN	2011-11-03	0.958632	1.043150e+5	46.850	44.650	46.850	41.910	45.260	46.850	44.650	46.850	0.310	0.000000	47.33	44.65	0.00	21
KEY-UN	2011-11-02	0.992771	1.007280e+5	46.400	43.720	46.400	41.910	45.260	46.190	43.720	46.400	2.000	0.000000	46.90	43.72	0.00	22
KEY-UN	2011-11-01	0.939758	1.064100e+5	46.400	43.720	46.400	41.910	45.260	46.400	43.720	46.400	0.890	0.000000	46.87	43.72	0.00	23
KEY-UN	2011-10-31	0.942377	1.061150e+5	46.400	43.720	46.400	41.910	45.260	46.400	43.720	46.400	1.000	0.000000	46.87	43.72	0.00	24
KEY-UN	2011-10-28	0.939345	1.064570e+5	46.400	43.720	46.400	41.910	45.130	46.400	43.720	46.400	1.130	0.000000	46.87	43.72	0.00	25
KEY-UN	2011-10-27	0.929310	1.076070e+5	46.400	43.720	46.400	41.910	45.130	46.400	43.720	46.400	0.600	0.000000	46.86	43.72	0.00	26
KEY-UN	2011-10-26	0.946642	1.056370e+5	46.400	43.720	46.400	40.920	44.900	46.400	43.720	46.400	1.140	0.000000	46.87	43.72	0.00	27
KEY-UN	2011-10-25	0.936465	1.067850e+5	46.400	43.720	46.400	40.920	44.900	46.400	43.720	46.400	0.850	0.000000	46.87	43.72	0.00	28
KEY-UN	2011-10-24	0.941016	1.062680e+5	46.400	43.720	46.400	40.920	44.650	46.400	43.720	46.400	0.840	0.000000	46.87	43.72	0.00	29
KEY-UN	2011-10-21	0.946333	1.056710e+5	46.400	43.720	46.400	40.920	44.650	46.400	43.720	46.400	0.760	0.000000	46.87	43.72	0.00	30
KEY-UN	2011-10-20	0.956140	1.045870e+5	46.400	43.720	46.400	40.920	44.650	46.400	43.720	46.400	1.110	0.000000	46.88	43.72	0.00	31
KEY-UN	2011-10-19	0.948042	1.054810e+5	46.400	43.720	46.400	40.920	43.720	46.400	43.720	46.400	0.820	0.000000	46.87	43.72	0.00	32
KEY-UN	2011-10-18	0.954781	1.047360e+5	45.860	43.720	46.000	40.920	43.720	45.860	43.720	45.860	0.870	0.000000	46.34	43.72	0.00	33
KEY-UN	2011-10-17	0.959243	1.042490e+5	45.860	43.720	46.000	40.920	43.720	45.860	43.720	45.860	0.970	0.000000	46.34	43.72	0.00	34
KEY-UN	2011-10-14	0.958677	1.043100e+5	45.860	43.720	46.000	40.920	43.720	45.860	43.720	45.860	1.050	0.000000	46.34	43.72	0.00	35
KEY-UN	2011-10-13	0.953871	1.048360e+5	45.860	43.720	46.000	40.920	43.720	45.600	43.720	45.860	1.070	0.000000	46.34	43.72	0.00	36
KEY-UN	2011-10-12	0.947759	1.055120e+5	45.860	43.720	46.000	40.920	43.720	45.600	43.720	45.860	0.230	0.000000	46.33	43.72	0.00	37
KEY-UN	2011-10-11	0.985535	1.014680e+5	45.860	43.720	46.000	40.920	43.720	45.600	43.720	45.860	0.840	0.000000	46.35	43.72	0.00	38
KEY-UN	2011-10-07	0.993195	1.006850e+5	45.860	43.720	46.000	40.920	43.720	45.600	43.720	45.860	0.480	0.000000	46.36	43.72	0.00	39
KEY-UN	2011-10-06	1.020210	9.801950e+4	45.930	43.720	46.000	40.920	43.720	45.600	43.720	45.930	0.500	0.000000	46.44	43.72	0.00	40
KEY-UN	2011-10-05	1.047580	9.545770e+4	45.930	43.720	46.000	40.920	43.720	45.600	43.720	45.930	1.200	0.000000	46.45	43.72	0.00	41
KEY-UN	2011-10-04	1.039560	9.619430e+4	45.930	44.120	46.000	40.920	44.120	45.690	44.120	45.930	1.770	0.000000	46.45	44.12	0.00	42
KEY-UN	2011-10-03	1.001120	9.988830e+4	45.930	44.120	46.000	40.920	44.120	45.690	44.120	45.930	1.270	0.000000	46.43	44.12	0.00	43
KEY-UN	2011-09-30	0.986967	1.013210e+5	46.000	44.120	46.000	40.920	44.120	45.860	44.120	46.000	0.560	0.000000	46.49	44.12	0.00	44
KEY-UN	2011-09-29	1.009440	9.906490e+4	46.000	44.120	46.000	40.920	44.120	45.860	44.120	46.000	0.670	0.000000	46.50	44.12	0.00	45
KEY-UN	2011-09-28	1.027300	9.734220e+4	46.000	44.120	46.000	40.920	44.120	45.860	44.120	46.000	1.000	0.000000	46.51	44.12	0.00	46
KEY-UN	2011-09-27	1.028740	9.720620e+4	46.000	44.120	46.000	40.920	44.120	45.860	44.120	46.000	1.610	0.000000	46.51	44.12	0.00	47
KEY-UN	2011-09-26	0.998149	1.001850e+5	46.000	43.290	46.000	40.920	44.120	45.860	43.290	46.000	0.940	0.000000	46.50	43.29	0.00	48
KEY-UN	2011-09-23	1.001210	9.987920e+4	46.000	42.650	46.000	40.920	44.150	45.860	42.650	46.000	0.860	0.000000	46.50	42.65	0.00	49
KEY-UN	2011-09-22	1.008640	9.914330e+4	46.000	42.650	46.000	40.920	45.020	45.930	42.650	46.000	2.080	0.000000	46.50	42.65	0.00	50
KEY-UN	2011-09-21	0.952254	1.050140e+5	46.000	42.600	46.000	40.920	45.020	45.930	42.600	46.000	0.980	0.000000	46.48	42.60	0.00	51
KEY-UN	2011-09-20	0.950794	1.051750e+5	46.000	42.330	46.000	40.920	45.020	45.930	42.330	46.000	0.660	0.000000	46.48	42.33	0.00	52
KEY-UN	2011-09-19	0.966098	1.035090e+5	46.000	41.910	46.000	40.920	45.020	45.930	41.910	46.000	0.980	0.000000	46.48	41.91	0.00	53
