#Header line 	date 	volatility 	unit 		brkh20 	brkl20 	brkh55 	brkl55 	low10 	high10 	low20 	high20 	truerng	ignore20	add 	sellall	normalizedprice
EDU	2011-12-01	1.593830	6.274190e+4	29.420	22.420	33.700	21.370	22.420	25.890	22.420	29.420	1.440	0.000000	30.22	22.42	0.00	1
EDU	2011-11-30	1.601930	6.242470e+4	29.420	22.420	33.700	21.370	22.420	25.890	22.420	29.420	1.880	0.000000	30.22	22.42	0.00	2
EDU	2011-11-29	1.587290	6.300030e+4	29.640	22.420	33.700	21.370	22.420	26.250	22.420	29.640	0.990	0.000000	30.43	22.42	0.00	3
EDU	2011-11-28	1.618730	6.177680e+4	30.070	22.420	33.700	21.370	22.420	27.100	22.420	30.070	1.370	0.000000	30.88	22.42	0.00	4
EDU	2011-11-25	1.631820	6.128120e+4	30.100	22.420	33.700	21.370	22.420	27.220	22.420	30.100	0.910	0.000000	30.92	22.42	0.00	5
EDU	2011-11-23	1.669810	5.988700e+4	30.100	22.420	33.700	21.370	22.420	27.960	22.420	30.100	0.860	0.000000	30.93	22.42	0.00	6
EDU	2011-11-22	1.712430	5.839640e+4	30.100	22.420	33.700	21.370	22.420	28.950	22.420	30.100	1.430	0.000000	30.96	22.42	0.00	7
EDU	2011-11-21	1.727300	5.789390e+4	30.100	22.780	33.700	21.370	22.780	28.950	22.780	30.100	1.880	0.000000	30.96	22.78	0.00	8
EDU	2011-11-18	1.719260	5.816450e+4	30.100	24.890	33.700	21.370	24.890	28.950	24.890	30.100	2.480	0.000000	30.96	24.89	0.00	9
EDU	2011-11-17	1.679220	5.955140e+4	30.100	25.560	33.700	21.370	25.680	29.420	25.560	30.100	1.080	0.000000	30.94	25.56	0.00	10
EDU	2011-11-16	1.710760	5.845350e+4	30.100	25.560	33.700	21.370	25.680	29.420	25.560	30.100	1.000	0.000000	30.96	25.56	0.00	11
EDU	2011-11-15	1.748170	5.720270e+4	30.100	25.560	33.700	21.370	26.250	29.420	25.560	30.100	0.700	0.000000	30.97	25.56	0.00	12
EDU	2011-11-14	1.803340	5.545280e+4	30.100	25.560	33.700	21.370	27.100	29.640	25.560	30.100	1.200	0.000000	31.00	25.56	0.00	13
EDU	2011-11-11	1.835090	5.449320e+4	30.200	25.560	33.700	21.370	27.220	30.070	25.560	30.200	0.940	0.000000	31.12	25.56	0.00	14
EDU	2011-11-10	1.882200	5.312930e+4	30.200	25.560	33.700	21.370	27.960	30.100	25.560	30.200	1.490	0.000000	31.14	25.56	0.00	15
EDU	2011-11-09	1.902840	5.255300e+4	30.310	25.560	33.700	21.370	28.620	30.100	25.560	30.310	1.110	0.000000	31.26	25.56	0.00	16
EDU	2011-11-08	1.944570	5.142520e+4	30.310	25.560	33.700	21.370	28.190	30.100	25.560	30.310	0.880	0.000000	31.28	25.56	0.00	17
EDU	2011-11-07	2.000600	4.998500e+4	30.310	25.560	33.700	21.370	28.190	30.100	25.560	30.310	0.870	0.000000	31.31	25.56	0.00	18
EDU	2011-11-04	2.060110	4.854120e+4	30.310	25.560	111.900	21.370	26.950	30.100	25.560	30.310	1.090	0.000000	31.34	25.56	0.00	19
EDU	2011-11-03	2.111160	4.736720e+4	30.310	25.560	115.620	21.370	25.560	30.100	25.560	30.310	0.590	0.000000	31.37	25.56	0.00	20
EDU	2011-11-02	2.191230	4.563660e+4	30.310	25.420	120.250	21.370	25.560	30.100	25.420	30.310	0.670	0.000000	31.41	25.42	0.00	21
EDU	2011-11-01	2.271290	4.402780e+4	30.310	23.170	123.070	21.370	25.560	30.100	23.170	30.310	1.800	0.000000	31.45	23.17	0.00	22
EDU	2011-10-31	2.296100	4.355220e+4	30.310	21.370	123.070	21.370	25.560	30.100	21.370	30.310	0.660	0.000000	31.46	21.37	0.00	23
EDU	2011-10-28	2.382210	4.197790e+4	30.310	21.370	123.070	21.370	25.560	30.200	21.370	30.310	0.840	0.000000	31.50	21.37	0.00	24
EDU	2011-10-27	2.463370	4.059470e+4	30.310	21.370	123.070	21.370	25.560	30.200	21.370	30.310	1.660	0.000000	31.54	21.37	0.00	25
EDU	2011-10-26	2.505660	3.990970e+4	30.310	21.370	123.070	21.370	25.560	30.310	21.370	30.310	1.510	0.000000	31.56	21.37	0.00	26
EDU	2011-10-25	2.558060	3.909210e+4	30.310	21.370	123.070	21.370	25.560	30.310	21.370	30.310	1.170	0.000000	31.59	21.37	0.00	27
EDU	2011-10-24	2.631120	3.800670e+4	30.310	21.370	123.070	21.370	25.560	30.310	21.370	30.310	1.420	0.000000	31.63	21.37	0.00	28
EDU	2011-10-21	2.694860	3.710770e+4	30.310	21.370	123.070	21.370	25.560	30.310	21.370	30.310	1.870	0.000000	31.66	21.37	0.00	29
EDU	2011-10-20	2.738270	3.651940e+4	30.310	21.370	123.070	21.370	26.390	30.310	21.370	30.310	1.850	0.000000	31.68	21.37	0.00	30
EDU	2011-10-19	2.785020	3.590630e+4	30.310	21.370	123.070	21.370	25.420	30.310	21.370	30.310	1.400	0.000000	31.70	21.37	0.00	31
EDU	2011-10-18	2.857920	3.499050e+4	32.340	21.370	123.070	21.370	23.170	30.310	21.370	32.340	6.210	0.000000	33.77	21.37	0.00	32
EDU	2011-10-17	2.681490	3.729260e+4	32.750	21.370	127.730	21.370	21.370	30.310	21.370	32.750	1.070	0.000000	34.09	21.37	0.00	33
EDU	2011-10-14	2.766310	3.614920e+4	32.750	21.370	127.730	21.370	21.370	30.310	21.370	32.750	0.850	0.000000	34.13	21.37	0.00	34
EDU	2011-10-13	2.867170	3.487760e+4	33.140	21.370	127.730	21.370	21.370	30.310	21.370	33.140	1.010	0.000000	34.57	21.37	0.00	35
EDU	2011-10-12	2.964910	3.372780e+4	33.700	21.370	127.730	21.370	21.370	29.570	21.370	33.700	1.320	0.000000	35.18	21.37	0.00	36
EDU	2011-10-11	3.051490	3.277090e+4	33.700	21.370	127.730	21.370	21.370	29.850	21.370	33.700	1.790	0.000000	35.23	21.37	0.00	37
EDU	2011-10-10	3.117880	3.207310e+4	33.700	21.370	127.730	21.370	21.370	29.850	21.370	33.700	1.500	0.000000	35.26	21.37	0.00	38
EDU	2011-10-07	3.203030	3.122040e+4	33.700	21.370	127.730	21.370	21.370	29.850	21.370	33.700	1.120	0.000000	35.30	21.37	0.00	39
EDU	2011-10-06	3.312670	3.018720e+4	33.700	21.370	127.730	21.370	21.370	29.850	21.370	33.700	2.530	0.000000	35.36	21.37	0.00	40
EDU	2011-10-05	3.353860	2.981640e+4	33.700	21.370	127.730	21.370	21.370	29.850	21.370	33.700	2.840	0.000000	35.38	21.37	0.00	41
EDU	2011-10-04	3.380910	2.957790e+4	33.700	21.370	127.730	21.370	21.370	32.340	21.370	33.700	2.690	0.000000	35.39	21.37	0.00	42
EDU	2011-10-03	3.417270	2.926310e+4	33.700	22.970	127.730	22.970	22.970	32.750	22.970	33.700	2.710	0.000000	35.41	22.97	0.00	43
EDU	2011-09-30	3.454490	2.894780e+4	33.700	24.360	127.730	24.360	24.360	32.750	24.360	33.700	2.370	0.000000	35.43	24.36	0.00	44
EDU	2011-09-29	3.511570	2.847730e+4	33.700	27.170	127.730	26.800	27.170	33.140	27.170	33.700	5.790	0.000000	35.46	27.17	0.00	45
EDU	2011-09-28	3.391660	2.948410e+4	33.700	27.170	127.730	26.800	27.170	33.700	27.170	33.700	2.280	0.000000	35.40	27.17	0.00	46
EDU	2011-09-27	3.450160	2.898410e+4	33.700	27.170	127.730	26.800	27.170	33.700	27.170	33.700	2.160	0.000000	35.43	27.17	0.00	47
EDU	2011-09-26	3.518070	2.842470e+4	33.700	27.070	127.730	26.800	27.170	33.700	27.070	33.700	1.670	0.000000	35.46	27.07	0.00	48
EDU	2011-09-23	3.615330	2.766000e+4	33.700	26.800	127.730	26.800	27.170	33.700	26.800	33.700	2.030	0.000000	35.51	26.80	0.00	49
EDU	2011-09-22	3.698770	2.703600e+4	33.700	26.800	127.730	26.800	29.340	33.700	26.800	33.700	2.560	0.000000	35.55	26.80	0.00	50
EDU	2011-09-21	3.758710	2.660490e+4	33.700	26.800	127.730	26.800	31.620	33.700	26.800	33.700	3.220	0.000000	35.58	26.80	0.00	51
EDU	2011-09-20	3.787060	2.640570e+4	33.700	26.800	127.730	26.800	29.550	33.700	26.800	33.700	1.480	0.000000	35.59	26.80	0.00	52
EDU	2011-09-19	3.908480	2.558540e+4	33.700	26.800	127.730	26.800	29.550	33.700	26.800	33.700	0.850	0.000000	35.65	26.80	0.00	53
