#Header line 	date 	volatility 	unit 		brkh20 	brkl20 	brkh55 	brkl55 	low10 	high10 	low20 	high20 	truerng	ignore20	add 	sellall	normalizedprice
UPL	2011-12-02	1.518610	6.584990e+4	36.470	31.370	36.470	25.700	31.370	35.210	31.370	36.470	0.770	0.000000	37.23	31.37	0.00	1
UPL	2011-12-01	1.558010	6.418460e+4	36.470	31.370	36.470	25.700	31.370	35.210	31.370	36.470	1.300	0.000000	37.25	31.37	0.00	2
UPL	2011-11-30	1.571590	6.363000e+4	36.470	30.770	36.470	25.700	31.370	35.860	30.770	36.470	1.490	0.000000	37.26	30.77	0.00	3
UPL	2011-11-29	1.575880	6.345660e+4	36.470	30.770	36.470	25.700	31.370	35.860	30.770	36.470	1.680	0.000000	37.26	30.77	0.00	4
UPL	2011-11-28	1.570400	6.367810e+4	36.470	30.770	36.470	25.700	31.370	35.860	30.770	36.470	1.700	0.000000	37.26	30.77	0.00	5
UPL	2011-11-25	1.563580	6.395590e+4	36.470	30.770	36.470	25.700	31.790	35.860	30.770	36.470	0.740	0.000000	37.25	30.77	0.00	6
UPL	2011-11-23	1.606920	6.223070e+4	36.470	30.770	36.470	25.700	32.970	35.860	30.770	36.470	1.320	0.000000	37.27	30.77	0.00	7
UPL	2011-11-22	1.622030	6.165130e+4	36.470	30.770	36.470	25.700	32.970	36.180	30.770	36.470	1.310	0.000000	37.28	30.77	0.00	8
UPL	2011-11-21	1.638450	6.103340e+4	36.470	30.770	36.470	25.700	33.600	36.350	30.770	36.470	2.020	0.000000	37.29	30.77	0.00	9
UPL	2011-11-18	1.618370	6.179070e+4	36.470	30.770	36.470	25.700	33.600	36.470	30.770	36.470	0.810	0.000000	37.28	30.77	0.00	10
UPL	2011-11-17	1.660910	6.020790e+4	36.470	29.900	36.470	25.700	33.270	36.470	29.900	36.470	1.470	0.000000	37.30	29.90	0.00	11
UPL	2011-11-16	1.670960	5.984580e+4	36.470	29.900	36.470	25.700	31.710	36.470	29.900	36.470	1.980	0.000000	37.31	29.90	0.00	12
UPL	2011-11-15	1.654700	6.043410e+4	36.470	29.900	36.470	25.700	30.770	36.470	29.900	36.470	1.540	0.000000	37.30	29.90	0.00	13
UPL	2011-11-14	1.660730	6.021440e+4	36.470	28.770	36.470	25.700	30.770	36.470	28.770	36.470	1.660	0.000000	37.30	28.77	0.00	14
UPL	2011-11-11	1.660770	6.021300e+4	36.470	28.770	36.470	25.700	30.770	36.470	28.770	36.470	0.960	0.000000	37.30	28.77	0.00	15
UPL	2011-11-10	1.697650	5.890490e+4	36.470	28.640	36.470	25.700	30.770	36.470	28.640	36.470	1.320	0.000000	37.32	28.64	0.00	16
UPL	2011-11-09	1.717530	5.822320e+4	36.470	28.550	36.470	25.700	30.770	36.470	28.550	36.470	1.480	0.000000	37.33	28.55	0.00	17
UPL	2011-11-08	1.730030	5.780240e+4	36.470	28.490	36.470	25.700	30.770	36.470	28.490	36.470	1.180	0.000000	37.34	28.49	0.00	18
UPL	2011-11-07	1.758980	5.685110e+4	36.470	28.490	36.470	25.700	30.770	36.470	28.490	36.470	1.150	0.000000	37.35	28.49	0.00	19
UPL	2011-11-04	1.791030	5.583370e+4	34.030	27.340	34.950	25.700	30.770	34.030	27.340	34.030	4.560	0.000000	34.93	27.34	0.00	20
UPL	2011-11-03	1.645300	6.077930e+4	34.030	27.340	37.510	25.700	29.900	34.030	27.340	34.030	1.920	0.000000	34.85	27.34	0.00	21
UPL	2011-11-02	1.630840	6.131820e+4	34.030	27.340	37.510	25.700	29.900	34.030	27.340	34.030	1.430	0.000000	34.85	27.34	0.00	22
UPL	2011-11-01	1.641410	6.092330e+4	34.030	27.340	38.320	25.700	29.900	34.030	27.340	34.030	1.750	0.000000	34.85	27.34	0.00	23
UPL	2011-10-31	1.635690	6.113620e+4	34.030	25.700	38.320	25.700	28.770	34.030	25.700	34.030	2.200	0.000000	34.85	25.70	0.00	24
UPL	2011-10-28	1.605990	6.226680e+4	33.140	25.700	38.640	25.700	28.770	33.140	25.700	33.140	1.540	0.000000	33.94	25.70	0.00	25
UPL	2011-10-27	1.609470	6.213240e+4	32.170	25.700	38.640	25.700	28.640	32.170	25.700	32.170	2.430	0.000000	32.97	25.70	0.00	26
UPL	2011-10-26	1.566280	6.384550e+4	32.170	25.700	40.720	25.700	28.550	32.170	25.700	32.170	1.320	0.000000	32.95	25.70	0.00	27
UPL	2011-10-25	1.579240	6.332150e+4	32.170	25.700	40.720	25.700	28.490	32.170	25.700	32.170	1.300	0.000000	32.96	25.70	0.00	28
UPL	2011-10-24	1.593940	6.273760e+4	30.980	25.700	41.460	25.700	28.490	30.930	25.700	30.980	1.390	0.000000	31.78	25.70	0.00	29
UPL	2011-10-21	1.604670	6.231800e+4	30.980	25.700	42.070	25.700	27.340	29.950	25.700	30.980	1.190	0.000000	31.78	25.70	0.00	30
UPL	2011-10-20	1.626500	6.148180e+4	30.980	25.700	45.360	25.700	27.340	29.950	25.700	30.980	1.590	0.000000	31.79	25.70	0.00	31
UPL	2011-10-19	1.628420	6.140930e+4	32.540	25.700	45.360	25.700	27.340	29.930	25.700	32.540	1.490	0.000000	33.35	25.70	0.00	32
UPL	2011-10-18	1.635700	6.113580e+4	33.020	25.700	46.250	25.700	27.340	29.710	25.700	33.020	2.030	0.000000	33.84	25.70	0.00	33
UPL	2011-10-17	1.614950	6.192140e+4	33.020	25.700	46.820	25.700	25.700	29.710	25.700	33.020	1.670	0.000000	33.83	25.70	0.00	34
UPL	2011-10-14	1.612050	6.203260e+4	34.590	25.700	47.000	25.700	25.700	28.720	25.700	34.590	1.200	0.000000	35.40	25.70	0.00	35
UPL	2011-10-13	1.633740	6.120920e+4	34.950	25.700	47.040	25.700	25.700	28.720	25.700	34.950	1.630	0.000000	35.77	25.70	0.00	36
UPL	2011-10-12	1.633940	6.120180e+4	34.950	25.700	47.110	25.700	25.700	29.040	25.700	34.950	0.730	0.000000	35.77	25.70	0.00	37
UPL	2011-10-11	1.681510	5.947020e+4	34.950	25.700	47.140	25.700	25.700	30.980	25.700	34.950	0.880	0.000000	35.79	25.70	0.00	38
UPL	2011-10-10	1.723700	5.801480e+4	34.950	25.700	47.340	25.700	25.700	30.980	25.700	34.950	1.810	0.000000	35.81	25.70	0.00	39
UPL	2011-10-07	1.719160	5.816800e+4	34.950	25.700	47.340	25.700	25.700	30.980	25.700	34.950	2.070	0.000000	35.81	25.70	0.00	40
UPL	2011-10-06	1.700690	5.879960e+4	34.950	25.700	47.340	25.700	25.700	30.980	25.700	34.950	1.430	0.000000	35.80	25.70	0.00	41
UPL	2011-10-05	1.714940	5.831110e+4	34.950	25.700	47.340	25.700	25.700	32.540	25.700	34.950	1.180	0.000000	35.81	25.70	0.00	42
UPL	2011-10-04	1.743090	5.736930e+4	34.950	25.700	47.340	25.700	25.700	33.020	25.700	34.950	3.010	0.000000	35.82	25.70	0.00	43
UPL	2011-10-03	1.676410	5.965110e+4	34.950	27.720	47.340	27.720	27.720	33.020	27.720	34.950	2.210	0.000000	35.79	27.72	0.00	44
UPL	2011-09-30	1.648330	6.066750e+4	34.950	28.510	47.340	28.510	28.510	34.590	28.510	34.950	1.130	0.000000	35.77	28.51	0.00	45
UPL	2011-09-29	1.675610	5.967970e+4	34.950	29.040	47.340	29.040	29.040	34.950	29.040	34.950	2.150	0.000000	35.79	29.04	0.00	46
UPL	2011-09-28	1.650640	6.058250e+4	34.950	29.550	47.340	29.550	29.550	34.950	29.550	34.950	2.290	0.000000	35.78	29.55	0.00	47
UPL	2011-09-27	1.616990	6.184320e+4	34.950	29.550	47.340	29.550	29.550	34.950	29.550	34.950	1.360	0.000000	35.76	29.55	0.00	48
UPL	2011-09-26	1.630520	6.133020e+4	34.950	29.550	47.340	29.550	29.550	34.950	29.550	34.950	1.890	0.000000	35.77	29.55	0.00	49
UPL	2011-09-23	1.616860	6.184820e+4	34.950	30.630	47.340	30.630	30.630	34.950	30.630	34.950	1.260	0.000000	35.76	30.63	0.00	50
UPL	2011-09-22	1.635640	6.113800e+4	34.950	31.220	47.340	31.220	31.220	34.950	31.220	34.950	2.690	0.000000	35.77	31.22	0.00	51
UPL	2011-09-21	1.580150	6.328510e+4	34.950	31.220	47.340	31.220	31.220	34.950	31.220	34.950	4.050	0.000000	35.74	31.22	0.00	52
UPL	2011-09-20	1.450160	6.895790e+4	34.950	31.220	47.340	31.220	31.220	34.950	31.220	34.950	0.990	0.000000	35.68	31.22	0.00	53
UPL	2011-09-19	1.474380	6.782520e+4	34.950	31.220	47.340	31.220	31.220	34.950	31.220	34.950	1.960	0.000000	35.69	31.22	0.00	54
