#Header line 	date 	volatility 	unit 		brkh20 	brkl20 	brkh55 	brkl55 	low10 	high10 	low20 	high20 	truerng	ignore20	add 	sellall	normalizedprice
BQI	2011-12-01	0.020402	4.901550e+6	0.250	0.170	0.270	0.170	0.170	0.210	0.170	0.250	0.000	0.000000	0.26	0.17	0.00	1
BQI	2011-11-30	0.021476	4.656470e+6	0.270	0.170	0.270	0.170	0.170	0.230	0.170	0.270	0.000	0.000000	0.28	0.17	0.00	2
BQI	2011-11-29	0.022606	4.423650e+6	0.270	0.170	0.270	0.170	0.170	0.230	0.170	0.270	0.000	0.000000	0.28	0.17	0.00	3
BQI	2011-11-28	0.023796	4.202460e+6	0.270	0.170	0.270	0.170	0.170	0.230	0.170	0.270	0.030	0.000000	0.28	0.17	0.00	4
BQI	2011-11-25	0.023469	4.260940e+6	0.270	0.170	0.270	0.170	0.170	0.230	0.170	0.270	0.020	0.000000	0.28	0.17	0.00	5
BQI	2011-11-23	0.023652	4.228040e+6	0.270	0.180	0.270	0.180	0.180	0.240	0.180	0.270	0.050	0.000000	0.28	0.18	0.00	6
BQI	2011-11-22	0.022265	4.491390e+6	0.270	0.200	0.270	0.180	0.200	0.240	0.200	0.270	0.030	0.000000	0.28	0.20	0.00	7
BQI	2011-11-21	0.021858	4.575040e+6	0.270	0.200	0.270	0.180	0.200	0.240	0.200	0.270	0.030	0.000000	0.28	0.20	0.00	8
BQI	2011-11-18	0.021429	4.666530e+6	0.270	0.200	0.270	0.180	0.200	0.250	0.200	0.270	0.010	0.000000	0.28	0.20	0.00	9
BQI	2011-11-17	0.022031	4.539120e+6	0.270	0.200	0.270	0.180	0.200	0.250	0.200	0.270	0.030	0.000000	0.28	0.20	0.00	10
BQI	2011-11-16	0.021611	4.627210e+6	0.270	0.210	0.270	0.180	0.220	0.250	0.210	0.270	0.030	0.000000	0.28	0.21	0.00	11
BQI	2011-11-15	0.021170	4.723720e+6	0.270	0.210	0.270	0.180	0.220	0.270	0.210	0.270	0.010	0.000000	0.28	0.21	0.00	12
BQI	2011-11-14	0.021758	4.596080e+6	0.270	0.210	0.270	0.180	0.230	0.270	0.210	0.270	0.010	0.000000	0.28	0.21	0.00	13
BQI	2011-11-11	0.022377	4.468980e+6	0.270	0.210	0.270	0.180	0.230	0.270	0.210	0.270	0.010	0.000000	0.28	0.21	0.00	14
BQI	2011-11-10	0.023028	4.342560e+6	0.270	0.210	0.270	0.180	0.230	0.270	0.210	0.270	0.020	0.000000	0.28	0.21	0.00	15
BQI	2011-11-09	0.023187	4.312720e+6	0.270	0.210	0.270	0.180	0.230	0.270	0.210	0.270	0.010	0.000000	0.28	0.21	0.00	16
BQI	2011-11-08	0.023881	4.187380e+6	0.270	0.200	0.270	0.180	0.220	0.270	0.200	0.270	0.020	0.000000	0.28	0.20	0.00	17
BQI	2011-11-07	0.024086	4.151860e+6	0.270	0.200	0.270	0.180	0.210	0.270	0.200	0.270	0.010	0.000000	0.28	0.20	0.00	18
BQI	2011-11-04	0.024827	4.027880e+6	0.270	0.200	0.270	0.180	0.210	0.270	0.200	0.270	0.020	0.000000	0.28	0.20	0.00	19
BQI	2011-11-03	0.025081	3.987080e+6	0.270	0.200	0.270	0.180	0.210	0.270	0.200	0.270	0.020	0.000000	0.28	0.20	0.00	20
BQI	2011-11-02	0.025348	3.945020e+6	0.270	0.200	0.270	0.180	0.210	0.270	0.200	0.270	0.030	0.000000	0.28	0.20	0.00	21
BQI	2011-11-01	0.025104	3.983500e+6	0.260	0.200	0.260	0.180	0.210	0.260	0.200	0.260	0.030	0.000000	0.27	0.20	0.00	22
BQI	2011-10-31	0.024846	4.024810e+6	0.260	0.200	0.260	0.180	0.210	0.260	0.200	0.260	0.020	0.000000	0.27	0.20	0.00	23
BQI	2011-10-28	0.025101	3.983920e+6	0.260	0.200	0.260	0.180	0.210	0.260	0.200	0.260	0.020	0.000000	0.27	0.20	0.00	24
BQI	2011-10-27	0.025369	3.941760e+6	0.260	0.200	0.260	0.180	0.210	0.260	0.200	0.260	0.020	0.000000	0.27	0.20	0.00	25
BQI	2011-10-26	0.025652	3.898330e+6	0.260	0.200	0.260	0.180	0.210	0.260	0.200	0.260	0.030	0.000000	0.27	0.20	0.00	26
BQI	2011-10-25	0.025423	3.933420e+6	0.260	0.200	0.260	0.180	0.200	0.260	0.200	0.260	0.010	0.000000	0.27	0.20	0.00	27
BQI	2011-10-24	0.026235	3.811720e+6	0.260	0.180	0.260	0.180	0.200	0.260	0.180	0.260	0.040	0.000000	0.27	0.18	0.00	28
BQI	2011-10-21	0.025510	3.919970e+6	0.260	0.180	0.260	0.180	0.200	0.260	0.180	0.260	0.040	0.000000	0.27	0.18	0.00	29
BQI	2011-10-20	0.024748	4.040760e+6	0.250	0.180	0.250	0.180	0.200	0.250	0.180	0.250	0.020	0.000000	0.26	0.18	0.00	30
BQI	2011-10-19	0.024998	4.000370e+6	0.250	0.180	0.250	0.180	0.200	0.250	0.180	0.250	0.020	0.000000	0.26	0.18	0.00	31
BQI	2011-10-18	0.025261	3.958720e+6	0.250	0.180	0.250	0.180	0.200	0.250	0.180	0.250	0.030	0.000000	0.26	0.18	0.00	32
BQI	2011-10-17	0.025011	3.998200e+6	0.240	0.180	0.250	0.180	0.200	0.240	0.180	0.240	0.020	0.000000	0.25	0.18	0.00	33
BQI	2011-10-14	0.025275	3.956470e+6	0.240	0.180	0.250	0.180	0.200	0.240	0.180	0.240	0.020	0.000000	0.25	0.18	0.00	34
BQI	2011-10-13	0.025553	3.913490e+6	0.240	0.180	0.250	0.180	0.200	0.230	0.180	0.240	0.030	0.000000	0.25	0.18	0.00	35
BQI	2011-10-12	0.025319	3.949670e+6	0.240	0.180	0.260	0.180	0.200	0.240	0.180	0.240	0.020	0.000000	0.25	0.18	0.00	36
BQI	2011-10-11	0.025598	3.906470e+6	0.240	0.180	0.280	0.180	0.210	0.240	0.180	0.240	0.020	0.000000	0.25	0.18	0.00	37
BQI	2011-10-10	0.025893	3.862020e+6	0.240	0.180	0.280	0.180	0.180	0.240	0.180	0.240	0.020	0.000000	0.25	0.18	0.00	38
BQI	2011-10-07	0.026203	3.816310e+6	0.240	0.180	0.280	0.180	0.180	0.240	0.180	0.240	0.020	0.000000	0.25	0.18	0.00	39
BQI	2011-10-06	0.026530	3.769340e+6	0.240	0.180	0.280	0.180	0.180	0.240	0.180	0.240	0.020	0.000000	0.25	0.18	0.00	40
BQI	2011-10-05	0.026874	3.721130e+6	0.240	0.180	0.280	0.180	0.180	0.240	0.180	0.240	0.020	0.000000	0.25	0.18	0.00	41
BQI	2011-10-04	0.027235	3.671710e+6	0.240	0.180	0.340	0.180	0.180	0.240	0.180	0.240	0.020	0.000000	0.25	0.18	0.00	42
BQI	2011-10-03	0.027616	3.621080e+6	0.240	0.180	0.340	0.180	0.180	0.240	0.180	0.240	0.040	0.000000	0.25	0.18	0.00	43
BQI	2011-09-30	0.026964	3.708610e+6	0.240	0.180	0.340	0.180	0.180	0.240	0.180	0.240	0.040	0.000000	0.25	0.18	0.00	44
BQI	2011-09-29	0.026278	3.805430e+6	0.240	0.180	0.340	0.180	0.180	0.240	0.180	0.240	0.010	0.000000	0.25	0.18	0.00	45
BQI	2011-09-28	0.027135	3.685280e+6	0.240	0.180	0.340	0.180	0.180	0.230	0.180	0.240	0.020	0.000000	0.25	0.18	0.00	46
BQI	2011-09-27	0.027511	3.634980e+6	0.240	0.180	0.340	0.180	0.180	0.240	0.180	0.240	0.070	0.000000	0.25	0.18	0.00	47
BQI	2011-09-26	0.025274	3.956600e+6	0.240	0.190	0.340	0.180	0.190	0.240	0.190	0.240	0.030	0.000000	0.25	0.19	0.00	48
BQI	2011-09-23	0.025025	3.995930e+6	0.240	0.190	0.340	0.180	0.190	0.240	0.190	0.240	0.040	0.000000	0.25	0.19	0.00	49
BQI	2011-09-22	0.024237	4.125860e+6	0.240	0.190	0.340	0.180	0.190	0.240	0.190	0.240	0.020	0.000000	0.25	0.19	0.00	50
BQI	2011-09-21	0.024460	4.088250e+6	0.240	0.180	0.350	0.180	0.190	0.240	0.180	0.240	0.020	0.000000	0.25	0.18	0.00	51
BQI	2011-09-20	0.024695	4.049380e+6	0.240	0.180	0.350	0.180	0.190	0.240	0.180	0.240	0.030	0.000000	0.25	0.18	0.00	52
BQI	2011-09-19	0.024416	4.095690e+6	0.240	0.180	0.350	0.180	0.190	0.240	0.180	0.240	0.030	0.000000	0.25	0.18	0.00	53
