#Header line 	date 	volatility 	unit 		brkh20 	brkl20 	brkh55 	brkl55 	low10 	high10 	low20 	high20 	truerng	ignore20	add 	sellall	normalizedprice
RIO	2011-12-02	2.260680	4.423440e+4	57.660	46.320	58.180	42.300	46.320	53.070	46.320	57.660	0.890	0.000000	58.79	46.32	0.00	1
RIO	2011-12-01	2.332820	4.286650e+4	57.660	46.320	58.180	42.300	46.320	53.340	46.320	57.660	1.640	0.000000	58.83	46.32	0.00	2
RIO	2011-11-30	2.369290	4.220680e+4	57.660	46.320	58.180	42.300	46.320	55.350	46.320	57.660	4.780	0.000000	58.84	46.32	0.00	3
RIO	2011-11-29	2.242410	4.459490e+4	57.660	46.320	58.180	42.300	46.320	55.350	46.320	57.660	1.090	0.000000	58.78	46.32	0.00	4
RIO	2011-11-28	2.303060	4.342040e+4	58.180	46.320	58.180	42.300	46.320	55.480	46.320	58.180	3.340	0.000000	59.33	46.32	0.00	5
RIO	2011-11-25	2.248490	4.447440e+4	58.180	46.320	58.180	42.300	46.320	55.480	46.320	58.180	1.330	0.000000	59.30	46.32	0.00	6
RIO	2011-11-23	2.296830	4.353830e+4	58.180	48.260	59.760	42.300	48.260	55.480	48.260	58.180	2.070	0.000000	59.33	48.26	0.00	7
RIO	2011-11-22	2.308770	4.331320e+4	58.180	48.920	59.760	42.300	48.920	57.660	48.920	58.180	1.310	0.000000	59.33	48.92	0.00	8
RIO	2011-11-21	2.361330	4.234900e+4	58.180	51.630	59.760	42.300	51.630	57.660	51.630	58.180	3.650	0.000000	59.36	51.63	0.00	9
RIO	2011-11-18	2.293510	4.360130e+4	58.180	50.440	60.410	42.300	51.770	57.660	50.440	58.180	1.000	0.000000	59.33	50.44	0.00	10
RIO	2011-11-17	2.361590	4.234440e+4	58.180	47.920	61.160	42.300	53.340	57.660	47.920	58.180	2.040	0.000000	59.36	47.92	0.00	11
RIO	2011-11-16	2.378510	4.204310e+4	58.180	47.890	61.160	42.300	53.770	57.660	47.890	58.180	2.080	0.000000	59.37	47.89	0.00	12
RIO	2011-11-15	2.394220	4.176720e+4	58.180	47.890	61.160	42.300	51.960	57.660	47.890	58.180	1.760	0.000000	59.38	47.89	0.00	13
RIO	2011-11-14	2.427600	4.119290e+4	58.180	47.890	61.160	42.300	51.960	57.660	47.890	58.180	1.910	0.000000	59.39	47.89	0.00	14
RIO	2011-11-11	2.454850	4.073570e+4	58.180	47.890	61.160	42.300	51.960	58.180	47.890	58.180	1.320	0.000000	59.41	47.89	0.00	15
RIO	2011-11-10	2.514580	3.976810e+4	58.180	47.890	61.160	42.300	51.960	58.180	47.890	58.180	1.410	0.000000	59.44	47.89	0.00	16
RIO	2011-11-09	2.572710	3.886950e+4	58.180	47.890	61.160	42.300	51.960	58.180	47.890	58.180	3.680	0.000000	59.47	47.89	0.00	17
RIO	2011-11-08	2.514430	3.977040e+4	58.180	47.890	61.160	42.300	51.960	58.180	47.890	58.180	1.620	0.000000	59.44	47.89	0.00	18
RIO	2011-11-07	2.561510	3.903950e+4	58.180	47.890	61.160	42.300	51.960	58.180	47.890	58.180	1.320	0.000000	59.46	47.89	0.00	19
RIO	2011-11-04	2.626850	3.806840e+4	58.180	47.890	61.160	42.300	50.440	58.180	47.890	58.180	1.970	0.000000	59.49	47.89	0.00	20
RIO	2011-11-03	2.661420	3.757390e+4	58.180	47.890	61.660	42.300	47.920	58.180	47.890	58.180	2.540	0.000000	59.51	47.89	0.00	21
RIO	2011-11-02	2.667810	3.748390e+4	58.180	45.510	61.660	42.300	47.890	58.180	45.510	58.180	2.360	0.000000	59.51	45.51	0.00	22
RIO	2011-11-01	2.684010	3.725760e+4	58.180	43.870	61.660	42.300	47.890	58.180	43.870	58.180	2.890	0.000000	59.52	43.87	0.00	23
RIO	2011-10-31	2.673170	3.740870e+4	58.180	42.300	61.660	42.300	47.890	58.180	42.300	58.180	4.180	0.000000	59.52	42.30	0.00	24
RIO	2011-10-28	2.593870	3.855250e+4	58.080	42.300	61.660	42.300	47.890	58.080	42.300	58.080	1.760	0.000000	59.38	42.30	0.00	25
RIO	2011-10-27	2.637750	3.791100e+4	54.520	42.300	61.660	42.300	47.890	54.520	42.300	54.520	5.630	0.000000	55.84	42.30	0.00	26
RIO	2011-10-26	2.480270	4.031820e+4	54.520	42.300	61.660	42.300	47.890	54.520	42.300	54.520	1.950	0.000000	55.76	42.30	0.00	27
RIO	2011-10-25	2.508180	3.986960e+4	54.520	42.300	61.660	42.300	47.890	54.520	42.300	54.520	2.790	0.000000	55.77	42.30	0.00	28
RIO	2011-10-24	2.493340	4.010680e+4	53.510	42.300	61.660	42.300	47.890	53.510	42.300	53.510	4.430	0.000000	54.76	42.30	0.00	29
RIO	2011-10-21	2.391410	4.181630e+4	53.510	42.300	61.660	42.300	47.890	53.510	42.300	53.510	2.530	0.000000	54.71	42.30	0.00	30
RIO	2011-10-20	2.384120	4.194420e+4	53.510	42.300	67.130	42.300	47.890	53.510	42.300	53.510	1.460	0.000000	54.70	42.30	0.00	31
RIO	2011-10-19	2.432760	4.110560e+4	53.510	42.300	67.130	42.300	45.510	53.510	42.300	53.510	3.250	0.000000	54.73	42.30	0.00	32
RIO	2011-10-18	2.389740	4.184550e+4	54.710	42.300	70.290	42.300	43.870	53.510	42.300	54.710	2.740	0.000000	55.90	42.30	0.00	33
RIO	2011-10-17	2.371310	4.217080e+4	55.120	42.300	70.980	42.300	42.300	53.510	42.300	55.120	2.510	0.000000	56.31	42.30	0.00	34
RIO	2011-10-14	2.364010	4.230100e+4	57.460	42.300	70.980	42.300	42.300	52.350	42.300	57.460	1.810	0.000000	58.64	42.30	0.00	35
RIO	2011-10-13	2.393170	4.178560e+4	57.890	42.300	71.240	42.300	42.300	52.350	42.300	57.890	1.800	0.000000	59.09	42.30	0.00	36
RIO	2011-10-12	2.424390	4.124750e+4	57.890	42.300	72.690	42.300	42.300	51.390	42.300	57.890	2.250	0.000000	59.10	42.30	0.00	37
RIO	2011-10-11	2.433570	4.109190e+4	57.890	42.300	72.690	42.300	42.300	51.390	42.300	57.890	1.760	0.000000	59.11	42.30	0.00	38
RIO	2011-10-10	2.469020	4.050190e+4	57.890	42.300	72.690	42.300	42.300	49.010	42.300	57.890	2.790	0.000000	59.12	42.30	0.00	39
RIO	2011-10-07	2.452120	4.078100e+4	57.890	42.300	72.690	42.300	42.300	49.010	42.300	57.890	2.050	0.000000	59.12	42.30	0.00	40
RIO	2011-10-06	2.473290	4.043200e+4	58.140	42.300	72.690	42.300	42.300	49.010	42.300	58.140	2.910	0.000000	59.38	42.30	0.00	41
RIO	2011-10-05	2.450300	4.081130e+4	59.760	42.300	72.690	42.300	42.300	51.290	42.300	59.760	1.850	0.000000	60.99	42.30	0.00	42
RIO	2011-10-04	2.481900	4.029170e+4	59.760	42.300	72.690	42.300	42.300	54.710	42.300	59.760	3.410	0.000000	61.00	42.30	0.00	43
RIO	2011-10-03	2.433050	4.110070e+4	59.760	44.080	72.690	44.080	44.080	55.120	44.080	59.760	1.880	0.000000	60.98	44.08	0.00	44
RIO	2011-09-30	2.462160	4.061480e+4	60.410	46.070	72.690	46.070	46.070	57.460	46.070	60.410	2.330	0.000000	61.64	46.07	0.00	45
RIO	2011-09-29	2.469110	4.050030e+4	61.160	46.070	72.690	46.070	46.070	57.890	46.070	61.160	2.670	0.000000	62.39	46.07	0.00	46
RIO	2011-09-28	2.458540	4.067450e+4	61.160	46.070	72.690	46.070	46.070	57.890	46.070	61.160	2.930	0.000000	62.39	46.07	0.00	47
RIO	2011-09-27	2.433730	4.108920e+4	61.160	46.070	72.690	46.070	46.070	57.890	46.070	61.160	2.810	0.000000	62.38	46.07	0.00	48
RIO	2011-09-26	2.413920	4.142630e+4	61.160	46.070	72.720	46.070	46.070	57.890	46.070	61.160	2.210	0.000000	62.37	46.07	0.00	49
RIO	2011-09-23	2.424660	4.124290e+4	61.160	46.070	73.630	46.070	46.070	57.890	46.070	61.160	1.420	0.000000	62.37	46.07	0.00	50
RIO	2011-09-22	2.477530	4.036270e+4	61.160	51.290	73.630	51.290	51.290	58.140	51.290	61.160	6.070	0.000000	62.40	51.29	0.00	51
RIO	2011-09-21	2.288460	4.369760e+4	61.160	54.710	73.630	52.420	54.710	59.760	54.710	61.160	3.440	0.000000	62.30	54.71	0.00	52
RIO	2011-09-20	2.227850	4.488630e+4	61.160	55.120	73.630	52.420	55.120	59.760	55.120	61.160	1.650	0.000000	62.27	55.12	0.00	53
RIO	2011-09-19	2.258260	4.428180e+4	61.160	55.690	73.630	52.420	56.150	59.760	55.690	61.160	3.030	0.000000	62.29	55.69	0.00	54
