#Header line 	date 	volatility 	unit 		brkh20 	brkl20 	brkh55 	brkl55 	low10 	high10 	low20 	high20 	truerng	ignore20	add 	sellall	normalizedprice
PBR	2011-12-02	0.976311	1.024260e+5	28.440	24.410	28.440	21.500	24.410	27.300	24.410	28.440	0.450	0.000000	28.93	24.41	0.00	1
PBR	2011-12-01	1.004010	9.960040e+4	28.440	24.410	28.440	21.500	24.410	27.170	24.410	28.440	0.670	0.000000	28.94	24.41	0.00	2
PBR	2011-11-30	1.021590	9.788650e+4	28.440	24.410	28.440	21.500	24.410	27.170	24.410	28.440	1.610	0.000000	28.95	24.41	0.00	3
PBR	2011-11-29	0.990622	1.009470e+5	28.440	24.410	28.440	21.500	24.410	27.170	24.410	28.440	0.870	0.000000	28.94	24.41	0.00	4
PBR	2011-11-28	0.996971	1.003040e+5	28.440	24.410	28.440	21.500	24.410	27.490	24.410	28.440	1.190	0.000000	28.94	24.41	0.00	5
PBR	2011-11-25	0.986811	1.013360e+5	28.440	24.990	28.440	21.500	24.990	27.490	24.990	28.440	0.750	0.000000	28.93	24.99	0.00	6
PBR	2011-11-23	0.999275	1.000730e+5	28.440	25.130	28.440	21.500	25.900	27.490	25.130	28.440	1.000	0.000000	28.94	25.13	0.00	7
PBR	2011-11-22	0.999237	1.000760e+5	28.440	24.610	28.440	21.500	26.200	28.440	24.610	28.440	0.670	0.000000	28.94	24.61	0.00	8
PBR	2011-11-21	1.016570	9.837050e+4	28.440	24.610	28.440	21.500	26.340	28.440	24.610	28.440	1.180	0.000000	28.95	24.61	0.00	9
PBR	2011-11-18	1.007960	9.921000e+4	28.440	23.940	29.090	21.500	26.340	28.440	23.940	28.440	0.520	0.000000	28.94	23.94	0.00	10
PBR	2011-11-17	1.033650	9.674500e+4	28.440	23.110	29.090	21.500	26.340	28.440	23.110	28.440	1.310	0.000000	28.96	23.11	0.00	11
PBR	2011-11-16	1.019100	9.812570e+4	28.440	23.110	29.090	21.500	26.340	28.440	23.110	28.440	0.980	0.000000	28.95	23.11	0.00	12
PBR	2011-11-15	1.021160	9.792800e+4	28.440	23.110	29.090	21.500	26.170	28.440	23.110	28.440	0.670	0.000000	28.95	23.11	0.00	13
PBR	2011-11-14	1.039640	9.618710e+4	28.440	23.110	29.090	21.500	26.170	28.440	23.110	28.440	0.850	0.000000	28.96	23.11	0.00	14
PBR	2011-11-11	1.049620	9.527240e+4	28.440	23.110	29.090	21.500	26.170	28.440	23.110	28.440	0.940	0.000000	28.96	23.11	0.00	15
PBR	2011-11-10	1.055390	9.475160e+4	28.440	23.110	29.090	21.500	26.170	28.440	23.110	28.440	0.860	0.000000	28.97	23.11	0.00	16
PBR	2011-11-09	1.065680	9.383720e+4	28.440	23.110	29.090	21.500	25.130	28.440	23.110	28.440	2.210	0.000000	28.97	23.11	0.00	17
PBR	2011-11-08	1.005450	9.945820e+4	28.290	23.110	29.090	21.500	24.610	28.290	23.110	28.290	0.590	0.000000	28.79	23.11	0.00	18
PBR	2011-11-07	1.027310	9.734130e+4	27.640	23.110	29.090	21.500	24.610	27.640	23.110	27.640	0.910	0.000000	28.15	23.11	0.00	19
PBR	2011-11-04	1.033490	9.675980e+4	27.640	22.570	29.090	21.500	23.940	27.640	22.570	27.640	0.730	0.000000	28.16	22.57	0.00	20
PBR	2011-11-03	1.049460	9.528710e+4	27.640	22.570	29.370	21.500	23.110	27.640	22.570	27.640	0.650	0.000000	28.16	22.57	0.00	21
PBR	2011-11-02	1.070480	9.341560e+4	27.640	21.970	29.370	21.500	23.110	27.640	21.970	27.640	1.010	0.000000	28.18	21.97	0.00	22
PBR	2011-11-01	1.073670	9.313860e+4	27.640	21.780	29.370	21.500	23.110	27.640	21.780	27.640	1.770	0.000000	28.18	21.78	0.00	23
PBR	2011-10-31	1.037020	9.643020e+4	27.640	21.500	29.370	21.500	23.110	27.640	21.500	27.640	0.770	0.000000	28.16	21.50	0.00	24
PBR	2011-10-28	1.051070	9.514090e+4	26.920	21.500	29.370	21.500	23.110	26.920	21.500	26.920	0.960	0.000000	27.45	21.50	0.00	25
PBR	2011-10-27	1.055870	9.470900e+4	25.130	21.500	29.370	21.500	23.110	25.130	21.500	25.130	2.360	0.000000	25.66	21.50	0.00	26
PBR	2011-10-26	0.987227	1.012940e+5	24.860	21.500	29.370	21.500	23.110	24.860	21.500	24.860	0.770	0.000000	25.35	21.50	0.00	27
PBR	2011-10-25	0.998660	1.001340e+5	24.860	21.500	29.370	21.500	23.110	24.860	21.500	24.860	0.830	0.000000	25.36	21.50	0.00	28
PBR	2011-10-24	1.007540	9.925190e+4	24.840	21.500	29.370	21.500	23.110	24.840	21.500	24.840	1.080	0.000000	25.34	21.50	0.00	29
PBR	2011-10-21	1.003720	9.962900e+4	24.840	21.500	29.880	21.500	22.570	24.840	21.500	24.840	0.880	0.000000	25.34	21.50	0.00	30
PBR	2011-10-20	1.010240	9.898690e+4	24.840	21.500	32.640	21.500	22.570	24.840	21.500	24.840	1.160	0.000000	25.35	21.50	0.00	31
PBR	2011-10-19	1.002350	9.976530e+4	24.840	21.500	33.190	21.500	21.970	24.840	21.500	24.840	0.720	0.000000	25.34	21.50	0.00	32
PBR	2011-10-18	1.017210	9.830780e+4	25.650	21.500	34.160	21.500	21.780	24.840	21.500	25.650	1.020	0.000000	26.16	21.50	0.00	33
PBR	2011-10-17	1.017070	9.832200e+4	25.990	21.500	34.160	21.500	21.500	24.840	21.500	25.990	1.340	0.000000	26.50	21.50	0.00	34
PBR	2011-10-14	1.000070	9.999300e+4	26.380	21.500	34.160	21.500	21.500	24.500	21.500	26.380	0.640	0.000000	26.88	21.50	0.00	35
PBR	2011-10-13	1.019020	9.813340e+4	26.820	21.500	34.270	21.500	21.500	24.500	21.500	26.820	0.840	0.000000	27.33	21.50	0.00	36
PBR	2011-10-12	1.028440	9.723430e+4	26.820	21.500	34.750	21.500	21.500	23.870	21.500	26.820	1.030	0.000000	27.33	21.50	0.00	37
PBR	2011-10-11	1.028360	9.724200e+4	26.820	21.500	34.750	21.500	21.500	24.000	21.500	26.820	0.880	0.000000	27.33	21.50	0.00	38
PBR	2011-10-10	1.036170	9.650920e+4	26.820	21.500	34.750	21.500	21.500	24.000	21.500	26.820	1.020	0.000000	27.34	21.50	0.00	39
PBR	2011-10-07	1.037020	9.643000e+4	26.820	21.500	34.750	21.500	21.500	24.000	21.500	26.820	1.290	0.000000	27.34	21.50	0.00	40
PBR	2011-10-06	1.023710	9.768420e+4	27.790	21.500	34.750	21.500	21.500	24.000	21.500	27.790	1.410	0.000000	28.30	21.50	0.00	41
PBR	2011-10-05	1.003380	9.966360e+4	28.160	21.500	34.750	21.500	21.500	24.640	21.500	28.160	0.510	0.000000	28.66	21.50	0.00	42
PBR	2011-10-04	1.029340	9.714940e+4	28.160	21.500	34.750	21.500	21.500	25.650	21.500	28.160	1.040	0.000000	28.67	21.50	0.00	43
PBR	2011-10-03	1.028780	9.720240e+4	28.160	22.450	34.750	22.450	22.450	25.990	22.450	28.160	0.980	0.000000	28.67	22.45	0.00	44
PBR	2011-09-30	1.031350	9.696040e+4	29.090	23.070	34.750	23.070	23.070	26.380	23.070	29.090	1.150	0.000000	29.61	23.07	0.00	45
PBR	2011-09-29	1.025100	9.755100e+4	29.090	23.070	34.750	23.070	23.070	26.820	23.070	29.090	0.790	0.000000	29.60	23.07	0.00	46
PBR	2011-09-28	1.037480	9.638760e+4	29.090	23.070	34.750	23.070	23.070	26.820	23.070	29.090	0.840	0.000000	29.61	23.07	0.00	47
PBR	2011-09-27	1.047870	9.543150e+4	29.090	23.070	34.750	23.070	23.070	26.820	23.070	29.090	0.760	0.000000	29.61	23.07	0.00	48
PBR	2011-09-26	1.063020	9.407130e+4	29.090	23.070	34.750	23.070	23.070	26.820	23.070	29.090	1.460	0.000000	29.62	23.07	0.00	49
PBR	2011-09-23	1.042130	9.595740e+4	29.090	23.070	34.750	23.070	23.070	26.820	23.070	29.090	0.550	0.000000	29.61	23.07	0.00	50
PBR	2011-09-22	1.068030	9.363020e+4	29.090	24.640	34.750	24.640	24.640	27.790	24.640	29.090	2.020	0.000000	29.62	24.64	0.00	51
PBR	2011-09-21	1.017930	9.823880e+4	29.090	25.650	34.750	25.650	25.650	28.160	25.650	29.090	1.140	0.000000	29.60	25.65	0.00	52
PBR	2011-09-20	1.011500	9.886280e+4	29.090	25.990	34.750	25.990	25.990	28.160	25.990	29.090	0.750	0.000000	29.60	25.99	0.00	53
PBR	2011-09-19	1.025270	9.753570e+4	29.090	26.350	34.750	26.150	26.350	28.160	26.350	29.090	1.130	0.000000	29.60	26.35	0.00	54
