#Header line 	date 	volatility 	unit 		brkh20 	brkl20 	brkh55 	brkl55 	low10 	high10 	low20 	high20 	truerng	ignore20	add 	sellall	normalizedprice
BDX	2011-12-01	1.674760	5.971000e+4	75.640	70.770	79.640	70.770	70.770	74.370	70.770	75.640	1.330	0.000000	76.48	70.77	0.00	1
BDX	2011-11-30	1.692910	5.907000e+4	76.110	70.770	79.640	70.770	70.770	75.640	70.770	76.110	2.220	0.000000	76.96	70.77	0.00	2
BDX	2011-11-29	1.665160	6.005410e+4	78.230	70.770	79.640	70.770	70.770	75.640	70.770	78.230	0.980	0.000000	79.06	70.77	0.00	3
BDX	2011-11-28	1.701230	5.878120e+4	79.640	70.770	79.640	70.770	70.770	75.640	70.770	79.640	1.740	0.000000	80.49	70.77	0.00	4
BDX	2011-11-25	1.699180	5.885180e+4	79.640	70.770	79.640	70.770	70.770	75.640	70.770	79.640	0.610	0.000000	80.49	70.77	0.00	5
BDX	2011-11-23	1.756510	5.693110e+4	79.640	71.840	80.040	70.840	71.840	75.640	71.840	79.640	1.510	0.000000	80.52	71.84	0.00	6
BDX	2011-11-22	1.769480	5.651360e+4	79.640	71.840	80.040	70.840	71.840	75.640	71.840	79.640	1.300	0.000000	80.52	71.84	0.00	7
BDX	2011-11-21	1.794190	5.573530e+4	79.640	72.380	80.040	70.840	72.610	75.640	72.380	79.640	1.540	0.000000	80.54	72.38	0.00	8
BDX	2011-11-18	1.807570	5.532280e+4	79.640	72.380	80.440	70.840	72.610	75.640	72.380	79.640	1.090	0.000000	80.54	72.38	0.00	9
BDX	2011-11-17	1.845340	5.419060e+4	79.640	72.380	81.380	70.840	72.380	75.640	72.380	79.640	1.050	0.000000	80.56	72.38	0.00	10
BDX	2011-11-16	1.887200	5.298860e+4	79.640	72.380	81.380	70.840	72.380	75.640	72.380	79.640	1.530	0.000000	80.58	72.38	0.00	11
BDX	2011-11-15	1.906000	5.246590e+4	79.640	72.380	81.380	70.840	72.380	76.110	72.380	79.640	1.980	0.000000	80.59	72.38	0.00	12
BDX	2011-11-14	1.902100	5.257330e+4	79.640	72.380	81.380	70.840	72.380	78.230	72.380	79.640	0.580	0.000000	80.59	72.38	0.00	13
BDX	2011-11-11	1.971690	5.071790e+4	79.640	72.380	81.380	70.840	72.380	79.640	72.380	79.640	1.280	0.000000	80.63	72.38	0.00	14
BDX	2011-11-10	2.008090	4.979850e+4	79.640	72.380	81.380	70.840	72.380	79.640	72.380	79.640	1.270	0.000000	80.64	72.38	0.00	15
BDX	2011-11-09	2.046940	4.885340e+4	79.640	72.380	81.380	70.840	72.380	79.640	72.380	79.640	2.510	0.000000	80.66	72.38	0.00	16
BDX	2011-11-08	2.022570	4.944210e+4	79.640	72.380	81.380	70.840	72.380	79.640	72.380	79.640	1.200	0.000000	80.65	72.38	0.00	17
BDX	2011-11-07	2.065860	4.840590e+4	79.640	72.380	81.380	70.840	72.380	79.640	72.380	79.640	2.380	0.000000	80.67	72.38	0.00	18
BDX	2011-11-04	2.049330	4.879650e+4	79.640	72.380	81.380	70.840	72.380	79.640	72.380	79.640	1.740	0.000000	80.66	72.38	0.00	19
BDX	2011-11-03	2.065610	4.841190e+4	79.640	72.600	81.380	70.840	72.600	79.640	72.600	79.640	1.370	0.000000	80.67	72.60	0.00	20
BDX	2011-11-02	2.102220	4.756870e+4	79.640	72.790	81.380	70.840	73.470	79.640	72.790	79.640	5.350	0.000000	80.69	72.79	0.00	21
BDX	2011-11-01	1.931280	5.177900e+4	79.640	72.340	81.380	70.840	73.470	79.640	72.340	79.640	2.730	0.000000	80.61	72.34	0.00	22
BDX	2011-10-31	1.889250	5.293110e+4	79.640	70.840	81.380	70.840	72.790	79.640	70.840	79.640	1.430	0.000000	80.58	70.84	0.00	23
BDX	2011-10-28	1.913420	5.226250e+4	78.670	70.840	81.380	70.840	72.790	78.670	70.840	78.670	1.140	0.000000	79.63	70.84	0.00	24
BDX	2011-10-27	1.954120	5.117380e+4	78.230	70.840	81.380	70.840	72.790	78.230	70.840	78.230	2.840	0.000000	79.21	70.84	0.00	25
BDX	2011-10-26	1.907500	5.242470e+4	78.230	70.840	81.380	70.840	72.790	78.230	70.840	78.230	1.890	0.000000	79.18	70.84	0.00	26
BDX	2011-10-25	1.908420	5.239940e+4	78.230	70.840	81.380	70.840	72.790	78.230	70.840	78.230	2.090	0.000000	79.18	70.84	0.00	27
BDX	2011-10-24	1.898860	5.266310e+4	76.430	70.840	81.380	70.840	72.790	76.430	70.840	76.430	2.350	0.000000	77.38	70.84	0.00	28
BDX	2011-10-21	1.875120	5.332990e+4	76.150	70.840	81.380	70.840	72.790	74.450	70.840	76.150	2.960	0.000000	77.09	70.84	0.00	29
BDX	2011-10-20	1.818020	5.500490e+4	76.150	70.840	81.380	70.840	72.790	74.450	70.840	76.150	1.800	0.000000	77.06	70.84	0.00	30
BDX	2011-10-19	1.818970	5.497620e+4	76.150	70.840	81.380	70.840	72.790	74.450	70.840	76.150	1.350	0.000000	77.06	70.84	0.00	31
BDX	2011-10-18	1.843650	5.424020e+4	76.150	70.840	82.300	70.840	72.340	74.450	70.840	76.150	2.100	0.000000	77.07	70.84	0.00	32
BDX	2011-10-17	1.830160	5.464000e+4	76.150	70.840	83.610	70.840	70.840	74.450	70.840	76.150	1.640	0.000000	77.07	70.84	0.00	33
BDX	2011-10-14	1.840170	5.434290e+4	77.250	70.840	83.610	70.840	70.840	74.450	70.840	77.250	0.920	0.000000	78.17	70.84	0.00	34
BDX	2011-10-13	1.888600	5.294930e+4	77.500	70.840	83.610	70.840	70.840	74.450	70.840	77.500	0.890	0.000000	78.44	70.84	0.00	35
BDX	2011-10-12	1.941160	5.151570e+4	77.500	70.840	84.960	70.840	70.840	74.450	70.840	77.500	1.480	0.000000	78.47	70.84	0.00	36
BDX	2011-10-11	1.965430	5.087950e+4	77.500	70.840	86.620	70.840	70.840	76.150	70.840	77.500	1.340	0.000000	78.48	70.84	0.00	37
BDX	2011-10-10	1.998340	5.004140e+4	77.500	70.840	87.160	70.840	70.840	76.150	70.840	77.500	1.850	0.000000	78.50	70.84	0.00	38
BDX	2011-10-07	2.006150	4.984670e+4	77.500	70.840	88.970	70.840	70.840	76.150	70.840	77.500	2.200	0.000000	78.50	70.84	0.00	39
BDX	2011-10-06	1.995950	5.010150e+4	78.530	70.840	88.970	70.840	70.840	76.150	70.840	78.530	1.750	0.000000	79.53	70.84	0.00	40
BDX	2011-10-05	2.008890	4.977860e+4	80.040	70.840	88.970	70.840	70.840	76.150	70.840	80.040	1.460	0.000000	81.04	70.84	0.00	41
BDX	2011-10-04	2.037780	4.907290e+4	80.040	70.840	88.970	70.840	70.840	76.150	70.840	80.040	2.790	0.000000	81.06	70.84	0.00	42
BDX	2011-10-03	1.998190	5.004520e+4	80.040	73.250	88.970	73.250	73.250	76.150	73.250	80.040	2.920	0.000000	81.04	73.25	0.00	43
BDX	2011-09-30	1.949680	5.129060e+4	80.440	73.250	88.970	73.250	73.250	77.250	73.250	80.440	1.300	0.000000	81.41	73.25	0.00	44
BDX	2011-09-29	1.983870	5.040650e+4	81.380	73.250	88.970	73.250	73.250	77.500	73.250	81.380	1.410	0.000000	82.37	73.25	0.00	45
BDX	2011-09-28	2.014070	4.965060e+4	81.380	73.400	88.970	73.400	73.400	77.500	73.400	81.380	3.280	0.000000	82.39	73.40	0.00	46
BDX	2011-09-27	1.947450	5.134930e+4	81.380	73.400	88.970	73.400	73.400	77.500	73.400	81.380	3.310	0.000000	82.35	73.40	0.00	47
BDX	2011-09-26	1.875730	5.331250e+4	81.380	73.400	89.300	73.400	73.400	77.500	73.400	81.380	1.120	0.000000	82.32	73.40	0.00	48
BDX	2011-09-23	1.915510	5.220550e+4	81.380	73.400	89.740	73.400	73.400	77.500	73.400	81.380	1.440	0.000000	82.34	73.40	0.00	49
BDX	2011-09-22	1.940530	5.153220e+4	81.380	73.700	89.740	73.700	73.700	78.530	73.700	81.380	2.030	0.000000	82.35	73.70	0.00	50
BDX	2011-09-21	1.935830	5.165750e+4	81.380	75.440	89.740	75.440	75.440	80.040	75.440	81.380	1.980	0.000000	82.35	75.44	0.00	51
BDX	2011-09-20	1.933500	5.171960e+4	81.380	75.560	89.740	75.560	75.560	80.040	75.560	81.380	1.590	0.000000	82.35	75.56	0.00	52
BDX	2011-09-19	1.951580	5.124050e+4	81.380	76.020	89.740	76.020	76.020	80.040	76.020	81.380	2.210	0.000000	82.36	76.02	0.00	53
