#Header line 	date 	volatility 	unit 		brkh20 	brkl20 	brkh55 	brkl55 	low10 	high10 	low20 	high20 	truerng	ignore20	add 	sellall	normalizedprice
BNS	2011-12-01	1.127920	8.865870e+4	52.930	48.300	53.700	48.300	48.300	51.550	48.300	52.930	1.820	0.000000	53.49	48.30	0.00	1
BNS	2011-11-30	1.091500	9.161740e+4	52.930	48.300	53.700	48.300	48.300	50.740	48.300	52.930	1.970	0.000000	53.48	48.30	0.00	2
BNS	2011-11-29	1.045260	9.567010e+4	52.930	48.300	53.700	48.300	48.300	50.950	48.300	52.930	0.590	0.000000	53.45	48.30	0.00	3
BNS	2011-11-28	1.069220	9.352620e+4	52.930	48.300	53.700	48.300	48.300	51.320	48.300	52.930	1.240	0.000000	53.46	48.30	0.00	4
BNS	2011-11-25	1.060230	9.431910e+4	53.030	48.350	53.700	48.350	48.350	51.370	48.350	53.030	0.580	0.000000	53.56	48.35	0.00	5
BNS	2011-11-24	1.085510	9.212290e+4	53.030	48.790	53.700	48.790	48.790	51.370	48.790	53.030	0.970	0.000000	53.57	48.79	0.00	6
BNS	2011-11-23	1.091590	9.160980e+4	53.030	49.320	53.700	49.320	49.320	51.370	49.320	53.030	1.620	0.000000	53.58	49.32	0.00	7
BNS	2011-11-22	1.063770	9.400490e+4	53.030	49.320	53.700	49.320	49.320	52.700	49.320	53.030	0.660	0.000000	53.56	49.32	0.00	8
BNS	2011-11-21	1.085030	9.216370e+4	53.030	49.320	54.180	49.320	49.320	52.700	49.320	53.030	0.870	0.000000	53.57	49.32	0.00	9
BNS	2011-11-18	1.096340	9.121230e+4	53.030	49.320	54.530	49.320	49.320	52.700	49.320	53.030	0.910	0.000000	53.58	49.32	0.00	10
BNS	2011-11-17	1.106150	9.040360e+4	53.030	50.740	54.530	50.000	50.740	52.930	50.740	53.030	1.940	0.000000	53.58	50.74	0.00	11
BNS	2011-11-16	1.062260	9.413860e+4	53.030	50.950	54.530	50.000	50.950	52.930	50.950	53.030	0.560	0.000000	53.56	50.95	0.00	12
BNS	2011-11-15	1.088700	9.185280e+4	53.030	50.990	54.530	50.000	50.990	52.930	50.990	53.030	0.540	0.000000	53.57	50.99	0.00	13
BNS	2011-11-14	1.117580	8.947930e+4	53.030	50.990	54.530	50.000	50.990	52.930	50.990	53.030	1.030	0.000000	53.59	50.99	0.00	14
BNS	2011-11-11	1.122190	8.911170e+4	53.030	50.990	54.530	50.000	50.990	53.030	50.990	53.030	0.810	0.000000	53.59	50.99	0.00	15
BNS	2011-11-10	1.138620	8.782580e+4	53.030	51.070	54.530	50.000	51.070	53.030	51.070	53.030	1.110	0.000000	53.60	51.07	0.00	16
BNS	2011-11-09	1.140120	8.770980e+4	53.200	51.070	54.530	49.230	51.070	53.030	51.070	53.200	1.400	0.000000	53.77	51.07	0.00	17
BNS	2011-11-08	1.126450	8.877480e+4	53.200	51.070	54.530	49.230	51.070	53.030	51.070	53.200	0.680	0.000000	53.76	51.07	0.00	18
BNS	2011-11-07	1.149940	8.696080e+4	53.200	51.070	54.530	49.230	51.070	53.030	51.070	53.200	0.440	0.000000	53.77	51.07	0.00	19
BNS	2011-11-04	1.187310	8.422410e+4	53.200	51.070	54.530	49.230	51.070	53.030	51.070	53.200	1.000	0.000000	53.79	51.07	0.00	20
BNS	2011-11-03	1.197170	8.353050e+4	53.200	51.070	54.530	49.230	51.070	53.030	51.070	53.200	1.100	0.000000	53.80	51.07	0.00	21
BNS	2011-11-02	1.202280	8.317520e+4	53.200	50.200	54.530	49.230	51.070	53.030	50.200	53.200	1.470	0.000000	53.80	50.20	0.00	22
BNS	2011-11-01	1.188190	8.416160e+4	53.200	50.200	54.530	49.230	51.430	53.030	50.200	53.200	1.700	0.000000	53.79	50.20	0.00	23
BNS	2011-10-31	1.161250	8.611390e+4	53.200	50.200	54.530	49.230	51.430	53.030	50.200	53.200	0.960	0.000000	53.78	50.20	0.00	24
BNS	2011-10-28	1.171850	8.533550e+4	53.700	50.200	54.530	49.230	51.430	53.030	50.200	53.700	0.800	0.000000	54.29	50.20	0.00	25
BNS	2011-10-27	1.191420	8.393370e+4	53.700	50.200	54.530	49.230	51.430	52.240	50.200	53.700	1.810	0.000000	54.30	50.20	0.00	26
BNS	2011-10-26	1.158860	8.629170e+4	53.700	50.200	54.530	49.230	51.430	53.200	50.200	53.700	0.750	0.000000	54.28	50.20	0.00	27
BNS	2011-10-25	1.180380	8.471860e+4	53.700	50.200	54.530	49.230	51.570	53.200	50.200	53.700	0.820	0.000000	54.29	50.20	0.00	28
BNS	2011-10-24	1.199350	8.337880e+4	53.700	50.200	54.530	49.230	51.570	53.200	50.200	53.700	0.560	0.000000	54.30	50.20	0.00	29
BNS	2011-10-21	1.233000	8.110330e+4	53.700	50.000	54.530	49.230	51.570	53.200	50.000	53.700	0.640	0.000000	54.32	50.00	0.00	30
BNS	2011-10-20	1.264210	7.910110e+4	53.700	50.000	54.530	49.230	51.570	53.200	50.000	53.700	1.030	0.000000	54.33	50.00	0.00	31
BNS	2011-10-19	1.276530	7.833720e+4	53.700	50.000	54.530	49.230	50.200	53.200	50.000	53.700	0.460	0.000000	54.34	50.00	0.00	32
BNS	2011-10-18	1.319510	7.578580e+4	53.700	50.000	54.900	49.230	50.200	53.200	50.000	53.700	0.590	0.000000	54.36	50.00	0.00	33
BNS	2011-10-17	1.357900	7.364300e+4	53.700	50.000	54.900	49.230	50.200	53.200	50.000	53.700	0.830	0.000000	54.38	50.00	0.00	34
BNS	2011-10-14	1.385690	7.216640e+4	53.700	50.000	55.910	49.230	50.200	53.700	50.000	53.700	0.860	0.000000	54.39	50.00	0.00	35
BNS	2011-10-13	1.413350	7.075360e+4	53.700	50.000	57.110	49.230	50.200	53.700	50.000	53.700	1.390	0.000000	54.41	50.00	0.00	36
BNS	2011-10-12	1.414580	7.069220e+4	53.700	50.000	57.110	49.230	50.200	53.700	50.000	53.700	0.750	0.000000	54.41	50.00	0.00	37
BNS	2011-10-11	1.449560	6.898630e+4	53.700	50.000	57.110	49.230	50.200	53.700	50.000	53.700	1.150	0.000000	54.42	50.00	0.00	38
BNS	2011-10-07	1.465330	6.824410e+4	53.700	50.000	57.110	49.230	50.200	53.700	50.000	53.700	1.090	0.000000	54.43	50.00	0.00	39
BNS	2011-10-06	1.485080	6.733630e+4	53.700	50.000	57.110	49.230	50.000	53.700	50.000	53.700	1.150	0.000000	54.44	50.00	0.00	40
BNS	2011-10-05	1.502720	6.654610e+4	53.700	50.000	57.110	49.230	50.000	53.700	50.000	53.700	2.550	0.000000	54.45	50.00	0.00	41
BNS	2011-10-04	1.447600	6.907990e+4	53.700	50.000	57.110	49.230	50.000	53.700	50.000	53.700	2.110	0.000000	54.42	50.00	0.00	42
BNS	2011-10-03	1.412740	7.078470e+4	53.700	50.000	57.110	49.230	50.000	53.700	50.000	53.700	1.980	0.000000	54.41	50.00	0.00	43
BNS	2011-09-30	1.382880	7.231290e+4	54.180	50.000	57.140	49.230	50.000	53.700	50.000	54.180	1.360	0.000000	54.87	50.00	0.00	44
BNS	2011-09-29	1.384080	7.225000e+4	54.530	50.000	57.140	49.230	50.000	52.970	50.000	54.530	1.270	0.000000	55.22	50.00	0.00	45
BNS	2011-09-28	1.390090	7.193790e+4	54.530	50.000	57.220	49.230	50.000	52.970	50.000	54.530	1.230	0.000000	55.23	50.00	0.00	46
BNS	2011-09-27	1.398510	7.150450e+4	54.530	50.000	57.250	49.230	50.000	52.520	50.000	54.530	1.820	0.000000	55.23	50.00	0.00	47
BNS	2011-09-26	1.376330	7.265700e+4	54.530	50.000	57.390	49.230	50.000	52.520	50.000	54.530	2.630	0.000000	55.22	50.00	0.00	48
BNS	2011-09-23	1.310350	7.631560e+4	54.530	50.000	57.700	49.230	50.000	52.520	50.000	54.530	1.840	0.000000	55.19	50.00	0.00	49
BNS	2011-09-22	1.282470	7.797450e+4	54.530	50.660	57.700	49.230	50.660	52.810	50.660	54.530	1.540	0.000000	55.17	50.66	0.00	50
BNS	2011-09-21	1.268920	7.880740e+4	54.530	50.770	58.250	49.230	50.770	53.250	50.770	54.530	1.220	0.000000	55.16	50.77	0.00	51
BNS	2011-09-20	1.271490	7.864780e+4	54.530	49.230	58.250	49.230	50.770	53.250	49.230	54.530	0.920	0.000000	55.17	49.23	0.00	52
BNS	2011-09-19	1.289990	7.751990e+4	54.530	49.230	58.250	49.230	50.770	53.250	49.230	54.530	1.030	0.000000	55.17	49.23	0.00	53
