#Header line 	date 	volatility 	unit 		brkh20 	brkl20 	brkh55 	brkl55 	low10 	high10 	low20 	high20 	truerng	ignore20	add 	sellall	normalizedprice
STX	2011-12-02	0.884175	1.131000e+5	18.350	15.160	18.350	9.490	15.160	17.400	15.160	18.350	1.510	0.000000	18.79	15.16	0.00	1
STX	2011-12-01	0.851237	1.174760e+5	18.350	15.160	18.350	9.490	15.160	17.190	15.160	18.350	0.870	0.000000	18.78	15.16	0.00	2
STX	2011-11-30	0.850249	1.176130e+5	18.350	15.160	18.350	9.490	15.160	17.520	15.160	18.350	0.650	0.000000	18.78	15.16	0.00	3
STX	2011-11-29	0.860789	1.161730e+5	18.350	15.160	18.350	9.490	15.160	17.760	15.160	18.350	1.210	0.000000	18.78	15.16	0.00	4
STX	2011-11-28	0.842409	1.187070e+5	18.350	15.160	18.350	9.490	15.160	17.940	15.160	18.350	1.240	0.000000	18.77	15.16	0.00	5
STX	2011-11-25	0.821483	1.217310e+5	18.350	15.430	18.350	9.490	15.430	17.940	15.430	18.350	0.550	0.000000	18.76	15.43	0.00	6
STX	2011-11-23	0.835772	1.196500e+5	18.350	15.990	18.350	9.490	15.990	17.940	15.990	18.350	1.100	0.000000	18.77	15.99	0.00	7
STX	2011-11-22	0.821865	1.216740e+5	18.350	15.610	18.350	9.490	16.010	17.940	15.610	18.350	0.550	0.000000	18.76	15.61	0.00	8
STX	2011-11-21	0.836174	1.195920e+5	18.350	15.610	18.350	9.490	16.010	18.350	15.610	18.350	0.660	0.000000	18.77	15.61	0.00	9
STX	2011-11-18	0.845446	1.182810e+5	18.350	15.420	18.350	9.490	16.760	18.350	15.420	18.350	0.780	0.000000	18.77	15.42	0.00	10
STX	2011-11-17	0.848891	1.178010e+5	18.350	12.060	18.350	9.490	17.130	18.350	12.060	18.350	1.190	0.000000	18.77	12.06	0.00	11
STX	2011-11-16	0.830938	1.203460e+5	18.350	12.050	18.350	9.490	16.840	18.350	12.050	18.350	0.900	0.000000	18.77	12.05	0.00	12
STX	2011-11-15	0.827303	1.208750e+5	18.350	12.050	18.350	9.490	16.250	18.350	12.050	18.350	0.800	0.000000	18.76	12.05	0.00	13
STX	2011-11-14	0.828740	1.206650e+5	18.350	11.300	18.350	9.490	16.150	18.350	11.300	18.350	0.460	0.000000	18.76	11.30	0.00	14
STX	2011-11-11	0.848147	1.179040e+5	18.350	11.300	18.350	9.490	16.150	18.350	11.300	18.350	0.730	0.000000	18.77	11.30	0.00	15
STX	2011-11-10	0.854365	1.170460e+5	18.350	11.300	18.350	9.490	16.150	18.350	11.300	18.350	1.030	0.000000	18.78	11.30	0.00	16
STX	2011-11-09	0.845122	1.183260e+5	18.350	11.190	18.350	9.490	16.150	18.350	11.190	18.350	0.870	0.000000	18.77	11.19	0.00	17
STX	2011-11-08	0.843812	1.185100e+5	18.350	11.170	18.350	9.490	15.610	18.350	11.170	18.350	0.820	0.000000	18.77	11.17	0.00	18
STX	2011-11-07	0.845065	1.183340e+5	18.340	11.080	18.340	9.490	15.610	18.340	11.080	18.340	0.830	0.000000	18.76	11.08	0.00	19
STX	2011-11-04	0.845858	1.182230e+5	17.290	10.710	17.290	9.490	15.420	17.290	10.710	17.290	1.510	0.000000	17.71	10.71	0.00	20
STX	2011-11-03	0.810903	1.233190e+5	16.840	10.710	16.840	9.490	12.060	16.840	10.710	16.840	1.050	0.000000	17.25	10.71	0.00	21
STX	2011-11-02	0.798319	1.252630e+5	16.390	10.160	16.390	9.490	12.050	16.390	10.160	16.390	0.830	0.000000	16.79	10.16	0.00	22
STX	2011-11-01	0.796652	1.255250e+5	16.390	9.650	16.390	9.490	12.050	16.390	9.650	16.390	0.980	0.000000	16.79	9.65	0.00	23
STX	2011-10-31	0.787002	1.270640e+5	16.390	9.490	16.390	9.490	11.300	16.390	9.490	16.390	0.540	0.000000	16.78	9.49	0.00	24
STX	2011-10-28	0.800002	1.250000e+5	16.330	9.490	16.330	9.490	11.300	16.330	9.490	16.330	0.580	0.000000	16.73	9.49	0.00	25
STX	2011-10-27	0.811581	1.232160e+5	16.240	9.490	16.240	9.490	11.300	16.240	9.490	16.240	1.080	0.000000	16.65	9.49	0.00	26
STX	2011-10-26	0.797454	1.253990e+5	15.740	9.490	15.740	9.490	11.190	15.740	9.490	15.740	1.340	0.000000	16.14	9.49	0.00	27
STX	2011-10-25	0.768899	1.300560e+5	15.740	9.490	15.740	9.490	11.170	15.740	9.490	15.740	0.830	0.000000	16.12	9.49	0.00	28
STX	2011-10-24	0.765683	1.306020e+5	15.420	9.490	15.420	9.490	11.080	15.420	9.490	15.420	0.630	0.000000	15.80	9.49	0.00	29
STX	2011-10-21	0.772824	1.293960e+5	12.100	9.490	12.160	9.490	10.710	12.100	9.490	12.100	3.480	0.000000	12.49	9.49	0.00	30
STX	2011-10-20	0.630341	1.586440e+5	12.100	9.490	12.760	9.490	10.710	12.100	9.490	12.100	0.780	0.000000	12.42	9.49	0.00	31
STX	2011-10-19	0.622465	1.606520e+5	12.100	9.490	13.200	9.490	10.160	12.100	9.490	12.100	1.010	0.000000	12.41	9.49	0.00	32
STX	2011-10-18	0.602068	1.660940e+5	11.830	9.490	13.840	9.490	9.650	11.830	9.490	11.830	1.010	0.000000	12.13	9.49	0.00	33
STX	2011-10-17	0.580598	1.722360e+5	11.830	9.490	13.890	9.490	9.490	11.830	9.490	11.830	0.540	0.000000	12.12	9.49	0.00	34
STX	2011-10-14	0.582735	1.716050e+5	12.020	9.490	14.260	9.490	9.490	11.830	9.490	12.020	0.480	0.000000	12.31	9.49	0.00	35
STX	2011-10-13	0.588142	1.700270e+5	12.020	9.490	14.330	9.490	9.490	11.190	9.490	12.020	0.810	0.000000	12.31	9.49	0.00	36
STX	2011-10-12	0.576465	1.734710e+5	12.020	9.490	14.770	9.490	9.490	11.170	9.490	12.020	0.540	0.000000	12.31	9.49	0.00	37
STX	2011-10-11	0.578384	1.728950e+5	12.020	9.490	14.770	9.490	9.490	11.480	9.490	12.020	0.580	0.000000	12.31	9.49	0.00	38
STX	2011-10-10	0.578299	1.729210e+5	12.020	9.490	14.770	9.490	9.490	11.480	9.490	12.020	0.470	0.000000	12.31	9.49	0.00	39
STX	2011-10-07	0.583999	1.712330e+5	12.020	9.490	14.770	9.490	9.490	11.480	9.490	12.020	0.490	0.000000	12.31	9.49	0.00	40
STX	2011-10-06	0.588946	1.697950e+5	12.020	9.490	16.990	9.490	9.490	11.480	9.490	12.020	0.590	0.000000	12.31	9.49	0.00	41
STX	2011-10-05	0.588891	1.698110e+5	12.020	9.490	16.990	9.490	9.490	11.480	9.490	12.020	0.620	0.000000	12.31	9.49	0.00	42
STX	2011-10-04	0.587254	1.702840e+5	12.020	9.490	16.990	9.490	9.490	11.480	9.490	12.020	0.640	0.000000	12.31	9.49	0.00	43
STX	2011-10-03	0.584478	1.710930e+5	12.020	10.280	16.990	10.080	10.280	11.700	10.280	12.020	0.840	0.000000	12.31	10.28	0.00	44
STX	2011-09-30	0.571029	1.751220e+5	12.020	10.600	16.990	10.080	10.670	12.020	10.600	12.020	0.530	0.000000	12.31	10.60	0.00	45
STX	2011-09-29	0.573188	1.744630e+5	12.020	10.600	16.990	10.080	10.670	12.020	10.600	12.020	1.010	0.000000	12.31	10.60	0.00	46
STX	2011-09-28	0.550198	1.817530e+5	12.020	10.600	16.990	10.080	10.670	12.020	10.600	12.020	0.540	0.000000	12.30	10.60	0.00	47
STX	2011-09-27	0.550735	1.815750e+5	12.020	10.600	16.990	10.080	10.670	12.020	10.600	12.020	0.720	0.000000	12.30	10.60	0.00	48
STX	2011-09-26	0.541826	1.845610e+5	12.020	10.600	16.990	10.080	10.670	12.020	10.600	12.020	0.620	0.000000	12.29	10.60	0.00	49
STX	2011-09-23	0.537712	1.859730e+5	12.020	10.600	16.990	10.080	10.670	12.020	10.600	12.020	0.330	0.000000	12.29	10.60	0.00	50
STX	2011-09-22	0.548644	1.822670e+5	12.020	10.600	16.990	10.080	11.030	12.020	10.600	12.020	0.730	0.000000	12.29	10.60	0.00	51
STX	2011-09-21	0.539099	1.854950e+5	12.020	10.600	16.990	10.080	11.030	12.020	10.600	12.020	0.440	0.000000	12.29	10.60	0.00	52
STX	2011-09-20	0.544315	1.837170e+5	12.020	10.190	16.990	10.080	10.600	12.020	10.190	12.020	0.470	0.000000	12.29	10.19	0.00	53
STX	2011-09-19	0.548226	1.824060e+5	12.020	10.080	16.990	10.080	10.600	12.020	10.080	12.020	0.480	0.000000	12.29	10.08	0.00	54
