#Header line 	date 	volatility 	unit 		brkh20 	brkl20 	brkh55 	brkl55 	low10 	high10 	low20 	high20 	truerng	ignore20	add 	sellall	normalizedprice
MGN	2011-12-01	0.208457	4.797140e+5	2.560	1.810	2.560	1.400	1.810	2.410	1.810	2.560	0.180	0.000000	2.66	1.81	0.00	1
MGN	2011-11-30	0.209955	4.762920e+5	2.560	1.810	2.560	1.400	1.810	2.210	1.810	2.560	0.350	0.000000	2.66	1.81	0.00	2
MGN	2011-11-29	0.202584	4.936220e+5	2.560	1.810	2.560	1.400	1.810	2.210	1.810	2.560	0.150	0.000000	2.66	1.81	0.00	3
MGN	2011-11-28	0.205352	4.869690e+5	2.560	1.810	2.560	1.400	1.810	2.210	1.810	2.560	0.540	0.000000	2.66	1.81	0.00	4
MGN	2011-11-25	0.187739	5.326550e+5	2.560	1.860	2.560	1.400	1.860	2.210	1.860	2.560	0.090	0.000000	2.65	1.86	0.00	5
MGN	2011-11-23	0.192883	5.184490e+5	2.560	1.900	2.560	1.400	1.920	2.210	1.900	2.560	0.130	0.000000	2.66	1.90	0.00	6
MGN	2011-11-22	0.196193	5.097030e+5	2.560	1.900	2.560	1.400	1.920	2.390	1.900	2.560	0.130	0.000000	2.66	1.90	0.00	7
MGN	2011-11-21	0.199676	5.008100e+5	2.560	1.810	2.560	1.400	1.920	2.490	1.810	2.560	0.250	0.000000	2.66	1.81	0.00	8
MGN	2011-11-18	0.197028	5.075430e+5	2.560	1.740	2.560	1.400	1.920	2.560	1.740	2.560	0.200	0.000000	2.66	1.74	0.00	9
MGN	2011-11-17	0.196871	5.079460e+5	2.560	1.740	2.560	1.400	1.920	2.560	1.740	2.560	0.310	0.000000	2.66	1.74	0.00	10
MGN	2011-11-16	0.190917	5.237870e+5	2.560	1.710	2.560	1.400	1.920	2.560	1.710	2.560	0.340	0.000000	2.66	1.71	0.00	11
MGN	2011-11-15	0.183071	5.462370e+5	2.560	1.710	2.560	1.400	2.010	2.560	1.710	2.560	0.160	0.000000	2.65	1.71	0.00	12
MGN	2011-11-14	0.184285	5.426380e+5	2.560	1.710	2.560	1.400	2.050	2.560	1.710	2.560	0.150	0.000000	2.65	1.71	0.00	13
MGN	2011-11-11	0.186090	5.373760e+5	2.560	1.710	2.560	1.400	2.050	2.560	1.710	2.560	0.120	0.000000	2.65	1.71	0.00	14
MGN	2011-11-10	0.189568	5.275150e+5	2.560	1.650	2.560	1.400	1.900	2.560	1.650	2.560	0.190	0.000000	2.65	1.65	0.00	15
MGN	2011-11-09	0.189545	5.275790e+5	2.560	1.650	2.560	1.400	1.900	2.560	1.650	2.560	0.240	0.000000	2.65	1.65	0.00	16
MGN	2011-11-08	0.186890	5.350750e+5	2.560	1.650	2.560	1.400	1.900	2.560	1.650	2.560	0.250	0.000000	2.65	1.65	0.00	17
MGN	2011-11-07	0.183568	5.447570e+5	2.560	1.600	2.560	1.400	1.810	2.560	1.600	2.560	0.110	0.000000	2.65	1.60	0.00	18
MGN	2011-11-04	0.187440	5.335040e+5	2.550	1.440	2.550	1.400	1.740	2.550	1.440	2.550	0.170	0.000000	2.64	1.44	0.00	19
MGN	2011-11-03	0.188358	5.309040e+5	2.550	1.440	2.550	1.400	1.740	2.550	1.440	2.550	0.200	0.000000	2.64	1.44	0.00	20
MGN	2011-11-02	0.187745	5.326370e+5	2.500	1.440	2.500	1.400	1.710	2.500	1.440	2.500	0.270	0.000000	2.59	1.44	0.00	21
MGN	2011-11-01	0.183416	5.452090e+5	2.500	1.420	2.500	1.400	1.710	2.500	1.420	2.500	0.280	0.000000	2.59	1.42	0.00	22
MGN	2011-10-31	0.178333	5.607500e+5	2.470	1.420	2.470	1.400	1.710	2.470	1.420	2.470	0.320	0.000000	2.56	1.42	0.00	23
MGN	2011-10-28	0.170876	5.852180e+5	1.900	1.420	1.950	1.400	1.710	1.900	1.420	1.900	0.610	0.000000	1.99	1.42	0.00	24
MGN	2011-10-27	0.147765	6.767520e+5	1.900	1.420	1.950	1.400	1.650	1.900	1.420	1.900	0.140	0.000000	1.97	1.42	0.00	25
MGN	2011-10-26	0.148173	6.748850e+5	1.900	1.420	1.950	1.400	1.650	1.900	1.420	1.900	0.240	0.000000	1.97	1.42	0.00	26
MGN	2011-10-25	0.143340	6.976400e+5	1.810	1.420	1.950	1.400	1.650	1.810	1.420	1.810	0.220	0.000000	1.88	1.42	0.00	27
MGN	2011-10-24	0.139306	7.178460e+5	1.770	1.400	1.950	1.400	1.600	1.770	1.400	1.770	0.080	0.000000	1.84	1.40	0.00	28
MGN	2011-10-21	0.142427	7.021140e+5	1.770	1.400	1.950	1.400	1.440	1.770	1.400	1.770	0.200	0.000000	1.84	1.40	0.00	29
MGN	2011-10-20	0.139397	7.173760e+5	1.770	1.400	2.060	1.400	1.440	1.770	1.400	1.770	0.140	0.000000	1.84	1.40	0.00	30
MGN	2011-10-19	0.139365	7.175400e+5	1.770	1.400	2.100	1.400	1.440	1.770	1.400	1.770	0.120	0.000000	1.84	1.40	0.00	31
MGN	2011-10-18	0.140384	7.123300e+5	1.800	1.400	2.100	1.400	1.420	1.750	1.400	1.800	0.220	0.000000	1.87	1.40	0.00	32
MGN	2011-10-17	0.136194	7.342460e+5	1.800	1.400	2.100	1.400	1.420	1.750	1.400	1.800	0.080	0.000000	1.87	1.40	0.00	33
MGN	2011-10-14	0.139152	7.186400e+5	1.800	1.400	2.100	1.400	1.420	1.740	1.400	1.800	0.110	0.000000	1.87	1.40	0.00	34
MGN	2011-10-13	0.140686	7.108030e+5	1.800	1.400	2.100	1.400	1.420	1.740	1.400	1.800	0.140	0.000000	1.87	1.40	0.00	35
MGN	2011-10-12	0.140722	7.106210e+5	1.800	1.400	2.230	1.400	1.420	1.680	1.400	1.800	0.130	0.000000	1.87	1.40	0.00	36
MGN	2011-10-11	0.141286	7.077820e+5	1.800	1.400	2.250	1.400	1.420	1.710	1.400	1.800	0.140	0.000000	1.87	1.40	0.00	37
MGN	2011-10-10	0.141354	7.074430e+5	1.800	1.400	2.290	1.400	1.400	1.710	1.400	1.800	0.220	0.000000	1.87	1.40	0.00	38
MGN	2011-10-07	0.137215	7.287840e+5	1.800	1.400	2.290	1.400	1.400	1.710	1.400	1.800	0.120	0.000000	1.87	1.40	0.00	39
MGN	2011-10-06	0.138121	7.240040e+5	1.880	1.400	2.330	1.400	1.400	1.710	1.400	1.880	0.140	0.000000	1.95	1.40	0.00	40
MGN	2011-10-05	0.138022	7.245230e+5	1.910	1.400	2.330	1.400	1.400	1.750	1.400	1.910	0.130	0.000000	1.98	1.40	0.00	41
MGN	2011-10-04	0.138444	7.223130e+5	1.950	1.400	2.360	1.400	1.400	1.800	1.400	1.950	0.210	0.000000	2.02	1.40	0.00	42
MGN	2011-10-03	0.134678	7.425120e+5	1.950	1.400	2.360	1.400	1.400	1.800	1.400	1.950	0.210	0.000000	2.02	1.40	0.00	43
MGN	2011-09-30	0.130714	7.650310e+5	1.950	1.400	2.360	1.400	1.400	1.800	1.400	1.950	0.260	0.000000	2.02	1.40	0.00	44
MGN	2011-09-29	0.123909	8.070430e+5	1.950	1.400	2.360	1.400	1.400	1.800	1.400	1.950	0.120	0.000000	2.01	1.40	0.00	45
MGN	2011-09-28	0.124115	8.057050e+5	1.950	1.400	2.360	1.400	1.400	1.800	1.400	1.950	0.110	0.000000	2.01	1.40	0.00	46
MGN	2011-09-27	0.124858	8.009110e+5	1.950	1.400	2.360	1.400	1.400	1.800	1.400	1.950	0.310	0.000000	2.01	1.40	0.00	47
MGN	2011-09-26	0.115113	8.687080e+5	1.950	1.420	2.360	1.420	1.420	1.800	1.420	1.950	0.130	0.000000	2.01	1.42	0.00	48
MGN	2011-09-23	0.114330	8.746610e+5	1.950	1.580	2.360	1.570	1.580	1.800	1.580	1.950	0.180	0.000000	2.01	1.58	0.00	49
MGN	2011-09-22	0.110874	9.019270e+5	1.950	1.610	2.360	1.570	1.680	1.880	1.610	1.950	0.190	0.000000	2.01	1.61	0.00	50
MGN	2011-09-21	0.106709	9.371270e+5	1.950	1.570	2.360	1.570	1.680	1.910	1.570	1.950	0.170	0.000000	2.00	1.57	0.00	51
MGN	2011-09-20	0.103378	9.673230e+5	1.950	1.570	2.360	1.570	1.680	1.950	1.570	1.950	0.130	0.000000	2.00	1.57	0.00	52
MGN	2011-09-19	0.101977	9.806140e+5	1.950	1.570	2.360	1.570	1.680	1.950	1.570	1.950	0.080	0.000000	2.00	1.57	0.00	53
