#Header line 	date 	volatility 	unit 		brkh20 	brkl20 	brkh55 	brkl55 	low10 	high10 	low20 	high20 	truerng	ignore20	add 	sellall	normalizedprice
STEC	2011-12-01	0.507267	1.971350e+5	11.720	8.660	11.720	8.660	8.660	10.670	8.660	11.720	0.210	0.000000	11.97	8.66	0.00	1
STEC	2011-11-30	0.522913	1.912360e+5	11.720	8.660	11.720	8.660	8.660	10.670	8.660	11.720	0.410	0.000000	11.98	8.66	0.00	2
STEC	2011-11-29	0.528856	1.890870e+5	11.720	8.660	11.720	8.660	8.660	10.670	8.660	11.720	0.450	0.000000	11.98	8.66	0.00	3
STEC	2011-11-28	0.533006	1.876150e+5	11.720	8.660	11.720	8.660	8.660	10.670	8.660	11.720	0.590	0.000000	11.99	8.66	0.00	4
STEC	2011-11-25	0.530006	1.886770e+5	11.720	8.820	11.720	8.820	8.820	10.670	8.820	11.720	0.240	0.000000	11.98	8.82	0.00	5
STEC	2011-11-23	0.545270	1.833950e+5	11.720	9.350	11.720	9.260	9.350	10.670	9.350	11.720	0.640	0.000000	11.99	9.35	0.00	6
STEC	2011-11-22	0.540284	1.850880e+5	11.720	9.580	11.720	8.960	9.580	11.700	9.580	11.720	0.340	0.000000	11.99	9.58	0.00	7
STEC	2011-11-21	0.550825	1.815460e+5	11.720	10.120	11.720	8.960	10.120	11.720	10.120	11.720	0.720	0.000000	12.00	10.12	0.00	8
STEC	2011-11-18	0.541921	1.845290e+5	11.720	10.210	11.720	8.960	10.210	11.720	10.210	11.720	0.410	0.000000	11.99	10.21	0.00	9
STEC	2011-11-17	0.548865	1.821940e+5	11.720	10.210	11.720	8.960	10.210	11.720	10.210	11.720	0.410	0.000000	11.99	10.21	0.00	10
STEC	2011-11-16	0.556173	1.798000e+5	11.720	10.210	11.720	8.960	10.210	11.720	10.210	11.720	0.550	0.000000	12.00	10.21	0.00	11
STEC	2011-11-15	0.556498	1.796950e+5	11.720	10.210	11.720	8.960	10.210	11.720	10.210	11.720	0.430	0.000000	12.00	10.21	0.00	12
STEC	2011-11-14	0.563156	1.775710e+5	11.720	10.240	11.720	8.670	10.260	11.720	10.240	11.720	0.230	0.000000	12.00	10.24	0.00	13
STEC	2011-11-11	0.580691	1.722090e+5	11.720	10.240	11.720	8.540	10.260	11.720	10.240	11.720	0.330	0.000000	12.01	10.24	0.00	14
STEC	2011-11-10	0.593885	1.683830e+5	11.720	10.240	11.720	8.540	10.260	11.720	10.240	11.720	0.500	0.000000	12.02	10.24	0.00	15
STEC	2011-11-09	0.598826	1.669930e+5	11.720	10.240	11.720	8.540	10.970	11.720	10.240	11.720	2.400	0.000000	12.02	10.24	0.00	16
STEC	2011-11-08	0.504028	1.984020e+5	11.720	10.240	11.720	8.490	10.940	11.720	10.240	11.720	0.440	0.000000	11.97	10.24	0.00	17
STEC	2011-11-07	0.507397	1.970840e+5	11.700	10.240	11.700	8.490	10.940	11.700	10.240	11.700	0.480	0.000000	11.95	10.24	0.00	18
STEC	2011-11-04	0.508839	1.965260e+5	11.610	10.240	11.610	8.490	10.710	11.610	10.240	11.610	0.300	0.000000	11.86	10.24	0.00	19
STEC	2011-11-03	0.519831	1.923700e+5	11.610	10.240	11.610	8.490	10.710	11.610	10.240	11.610	0.670	0.000000	11.87	10.24	0.00	20
STEC	2011-11-02	0.511927	1.953400e+5	11.610	10.240	11.610	8.490	10.240	11.610	10.240	11.610	0.320	0.000000	11.87	10.24	0.00	21
STEC	2011-11-01	0.522029	1.915600e+5	11.610	9.990	11.610	8.490	10.240	11.610	9.990	11.610	0.540	0.000000	11.87	9.99	0.00	22
STEC	2011-10-31	0.521083	1.919080e+5	11.610	9.580	11.610	8.490	10.240	11.610	9.580	11.610	0.300	0.000000	11.87	9.58	0.00	23
STEC	2011-10-28	0.532719	1.877160e+5	11.610	9.580	11.610	8.490	10.240	11.610	9.580	11.610	0.420	0.000000	11.88	9.58	0.00	24
STEC	2011-10-27	0.538651	1.856490e+5	11.230	9.580	11.230	8.490	10.240	11.230	9.580	11.230	0.710	0.000000	11.50	9.58	0.00	25
STEC	2011-10-26	0.529633	1.888100e+5	11.140	9.580	11.140	8.490	10.240	11.140	9.580	11.140	0.530	0.000000	11.40	9.58	0.00	26
STEC	2011-10-25	0.529614	1.888170e+5	11.140	9.580	11.140	8.490	10.240	11.140	9.580	11.140	0.310	0.000000	11.40	9.58	0.00	27
STEC	2011-10-24	0.541172	1.847840e+5	10.930	9.580	10.930	8.490	10.240	10.930	9.580	10.930	0.630	0.000000	11.20	9.58	0.00	28
STEC	2011-10-21	0.536497	1.863940e+5	10.930	9.580	10.930	8.490	10.240	10.930	9.580	10.930	0.580	0.000000	11.20	9.58	0.00	29
STEC	2011-10-20	0.534208	1.871930e+5	10.930	9.570	10.930	8.490	10.240	10.930	9.570	10.930	0.770	0.000000	11.20	9.57	0.00	30
STEC	2011-10-19	0.521797	1.916450e+5	10.930	9.570	10.930	8.490	10.240	10.930	9.570	10.930	0.420	0.000000	11.19	9.57	0.00	31
STEC	2011-10-18	0.527155	1.896970e+5	10.930	9.530	10.930	8.490	9.990	10.930	9.530	10.930	0.460	0.000000	11.19	9.53	0.00	32
STEC	2011-10-17	0.530690	1.884340e+5	10.930	9.530	10.930	8.490	9.580	10.930	9.530	10.930	0.490	0.000000	11.20	9.53	0.00	33
STEC	2011-10-14	0.532831	1.876770e+5	10.930	9.530	16.700	8.490	9.580	10.930	9.530	10.930	0.270	0.000000	11.20	9.53	0.00	34
STEC	2011-10-13	0.546665	1.829280e+5	10.930	9.530	16.700	8.490	9.580	10.930	9.530	10.930	0.480	0.000000	11.20	9.53	0.00	35
STEC	2011-10-12	0.550173	1.817610e+5	10.930	9.530	16.700	8.490	9.580	10.930	9.530	10.930	0.360	0.000000	11.21	9.53	0.00	36
STEC	2011-10-11	0.560182	1.785130e+5	10.930	9.530	17.710	8.490	9.580	10.930	9.530	10.930	0.450	0.000000	11.21	9.53	0.00	37
STEC	2011-10-10	0.565981	1.766840e+5	10.550	9.500	18.030	8.490	9.580	10.550	9.500	10.550	0.440	0.000000	10.83	9.50	0.00	38
STEC	2011-10-07	0.572612	1.746380e+5	10.490	9.360	18.030	8.490	9.580	10.490	9.360	10.490	0.530	0.000000	10.78	9.36	0.00	39
STEC	2011-10-06	0.574855	1.739570e+5	10.450	9.260	18.030	8.490	9.570	10.450	9.260	10.450	0.410	0.000000	10.74	9.26	0.00	40
STEC	2011-10-05	0.583531	1.713700e+5	10.450	9.260	18.150	8.490	9.570	10.450	9.260	10.450	0.610	0.000000	10.74	9.26	0.00	41
STEC	2011-10-04	0.582138	1.717810e+5	10.450	8.960	18.150	8.490	9.530	10.450	8.960	10.450	0.890	0.000000	10.74	8.96	0.00	42
STEC	2011-10-03	0.565935	1.766990e+5	10.450	8.960	18.150	8.490	9.530	10.450	8.960	10.450	0.590	0.000000	10.73	8.96	0.00	43
STEC	2011-09-30	0.564668	1.770950e+5	10.450	8.960	18.150	8.490	9.530	10.450	8.960	10.450	0.700	0.000000	10.73	8.96	0.00	44
STEC	2011-09-29	0.557546	1.793580e+5	10.280	8.960	18.150	8.490	9.530	10.280	8.960	10.280	0.840	0.000000	10.56	8.96	0.00	45
STEC	2011-09-28	0.542680	1.842710e+5	10.280	8.960	18.150	8.490	9.530	10.280	8.960	10.280	0.640	0.000000	10.55	8.96	0.00	46
STEC	2011-09-27	0.537557	1.860270e+5	10.080	8.960	18.150	8.490	9.530	10.080	8.960	10.080	0.510	0.000000	10.35	8.96	0.00	47
STEC	2011-09-26	0.539008	1.855260e+5	9.860	8.670	18.150	8.490	9.500	9.860	8.670	9.860	0.450	0.000000	10.13	8.67	0.00	48
STEC	2011-09-23	0.543692	1.839280e+5	9.810	8.540	18.150	8.490	9.360	9.810	8.540	9.810	0.360	0.000000	10.08	8.54	0.00	49
STEC	2011-09-22	0.553360	1.807140e+5	9.810	8.540	18.150	8.490	9.260	9.810	8.540	9.810	0.530	0.000000	10.09	8.54	0.00	50
STEC	2011-09-21	0.554590	1.803130e+5	9.810	8.540	18.150	8.490	9.260	9.810	8.540	9.810	0.510	0.000000	10.09	8.54	0.00	51
STEC	2011-09-20	0.556937	1.795540e+5	9.810	8.490	18.150	8.490	8.960	9.810	8.490	9.810	0.380	0.000000	10.09	8.49	0.00	52
STEC	2011-09-19	0.566249	1.766010e+5	9.810	8.490	18.150	8.490	8.960	9.810	8.490	9.810	0.390	0.000000	10.09	8.49	0.00	53
