#Header line 	date 	volatility 	unit 		brkh20 	brkl20 	brkh55 	brkl55 	low10 	high10 	low20 	high20 	truerng	ignore20	add 	sellall	normalizedprice
ISIS	2011-12-02	0.324827	3.078560e+5	8.280	6.470	8.570	6.470	6.470	7.420	6.470	8.280	0.170	0.000000	8.44	6.47	0.00	1
ISIS	2011-12-01	0.332976	3.003220e+5	8.280	6.470	8.570	6.470	6.470	7.420	6.470	8.280	0.180	0.000000	8.45	6.47	0.00	2
ISIS	2011-11-30	0.341028	2.932310e+5	8.280	6.470	8.570	6.470	6.470	7.040	6.470	8.280	0.490	0.000000	8.45	6.47	0.00	3
ISIS	2011-11-29	0.333187	3.001320e+5	8.290	6.470	8.570	6.470	6.470	7.040	6.470	8.290	0.180	0.000000	8.46	6.47	0.00	4
ISIS	2011-11-28	0.341249	2.930410e+5	8.570	6.470	8.570	6.470	6.470	7.140	6.470	8.570	0.510	0.000000	8.74	6.47	0.00	5
ISIS	2011-11-25	0.332368	3.008720e+5	8.570	6.470	8.570	6.470	6.470	7.140	6.470	8.570	0.430	0.000000	8.74	6.47	0.00	6
ISIS	2011-11-23	0.327229	3.055960e+5	8.570	6.570	8.570	6.530	6.570	7.160	6.570	8.570	0.320	0.000000	8.73	6.57	0.00	7
ISIS	2011-11-22	0.327610	3.052410e+5	8.570	6.570	8.570	6.530	6.570	7.530	6.570	8.570	0.170	0.000000	8.73	6.57	0.00	8
ISIS	2011-11-21	0.335905	2.977030e+5	8.570	6.680	8.570	6.530	6.680	8.280	6.680	8.570	0.250	0.000000	8.74	6.68	0.00	9
ISIS	2011-11-18	0.340426	2.937490e+5	8.570	6.840	8.570	6.530	6.840	8.280	6.840	8.570	0.240	0.000000	8.74	6.84	0.00	10
ISIS	2011-11-17	0.345712	2.892580e+5	8.570	6.890	8.570	6.530	6.890	8.280	6.890	8.570	0.150	0.000000	8.74	6.89	0.00	11
ISIS	2011-11-16	0.356012	2.808890e+5	8.570	6.900	8.570	6.530	6.900	8.280	6.900	8.570	0.220	0.000000	8.75	6.90	0.00	12
ISIS	2011-11-15	0.363171	2.753520e+5	8.570	6.900	8.570	6.530	6.900	8.280	6.900	8.570	0.260	0.000000	8.75	6.90	0.00	13
ISIS	2011-11-14	0.368601	2.712960e+5	8.570	6.900	8.570	6.530	6.900	8.290	6.900	8.570	0.260	0.000000	8.75	6.90	0.00	14
ISIS	2011-11-11	0.374317	2.671530e+5	8.570	6.900	8.570	6.530	6.900	8.570	6.900	8.570	0.240	0.000000	8.76	6.90	0.00	15
ISIS	2011-11-10	0.381386	2.622010e+5	8.570	7.160	8.570	6.530	7.160	8.570	7.160	8.570	0.470	0.000000	8.76	7.16	0.00	16
ISIS	2011-11-09	0.376722	2.654470e+5	8.570	7.440	8.570	6.530	7.530	8.570	7.440	8.570	0.420	0.000000	8.76	7.44	0.00	17
ISIS	2011-11-08	0.374445	2.670620e+5	8.570	7.430	8.570	6.530	7.730	8.570	7.430	8.570	0.870	0.000000	8.76	7.43	0.00	18
ISIS	2011-11-07	0.348363	2.870570e+5	8.570	7.430	8.570	6.530	7.730	8.570	7.430	8.570	0.400	0.000000	8.74	7.43	0.00	19
ISIS	2011-11-04	0.345645	2.893140e+5	8.570	7.260	8.570	6.530	7.730	8.570	7.260	8.570	0.210	0.000000	8.74	7.26	0.00	20
ISIS	2011-11-03	0.352784	2.834590e+5	8.570	7.170	8.570	6.530	7.490	8.570	7.170	8.570	0.290	0.000000	8.75	7.17	0.00	21
ISIS	2011-11-02	0.356089	2.808290e+5	8.570	6.860	8.570	6.530	7.490	8.570	6.860	8.570	0.360	0.000000	8.75	6.86	0.00	22
ISIS	2011-11-01	0.355883	2.809910e+5	8.570	6.560	8.570	6.530	7.490	8.570	6.560	8.570	0.620	0.000000	8.75	6.56	0.00	23
ISIS	2011-10-31	0.341982	2.924130e+5	8.570	6.530	8.570	6.530	7.440	8.570	6.530	8.570	0.320	0.000000	8.74	6.53	0.00	24
ISIS	2011-10-28	0.343139	2.914270e+5	8.500	6.530	8.500	6.530	7.440	8.500	6.530	8.500	0.230	0.000000	8.67	6.53	0.00	25
ISIS	2011-10-27	0.349093	2.864560e+5	7.960	6.530	7.960	6.530	7.440	7.960	6.530	7.960	0.600	0.000000	8.13	6.53	0.00	26
ISIS	2011-10-26	0.335888	2.977180e+5	7.840	6.530	7.840	6.530	7.440	7.840	6.530	7.840	0.360	0.000000	8.01	6.53	0.00	27
ISIS	2011-10-25	0.334619	2.988480e+5	7.840	6.530	7.840	6.530	7.430	7.840	6.530	7.840	0.320	0.000000	8.01	6.53	0.00	28
ISIS	2011-10-24	0.335388	2.981620e+5	7.830	6.530	7.940	6.530	7.430	7.830	6.530	7.830	0.130	0.000000	8.00	6.53	0.00	29
ISIS	2011-10-21	0.346198	2.888520e+5	7.820	6.530	7.940	6.530	7.260	7.820	6.530	7.820	0.350	0.000000	7.99	6.53	0.00	30
ISIS	2011-10-20	0.345998	2.890190e+5	7.820	6.530	8.090	6.530	7.170	7.820	6.530	7.820	0.360	0.000000	7.99	6.53	0.00	31
ISIS	2011-10-19	0.345261	2.896360e+5	7.820	6.530	8.100	6.530	6.860	7.820	6.530	7.820	0.230	0.000000	7.99	6.53	0.00	32
ISIS	2011-10-18	0.351327	2.846350e+5	7.820	6.530	8.570	6.530	6.560	7.820	6.530	7.820	0.830	0.000000	8.00	6.53	0.00	33
ISIS	2011-10-17	0.326134	3.066220e+5	7.820	6.530	8.640	6.530	6.530	7.820	6.530	7.820	0.400	0.000000	7.98	6.53	0.00	34
ISIS	2011-10-14	0.322246	3.103220e+5	7.680	6.530	8.670	6.530	6.530	7.680	6.530	7.680	0.280	0.000000	7.84	6.53	0.00	35
ISIS	2011-10-13	0.324470	3.081950e+5	7.650	6.530	8.670	6.530	6.530	7.650	6.530	7.650	0.280	0.000000	7.81	6.53	0.00	36
ISIS	2011-10-12	0.326810	3.059880e+5	7.470	6.530	8.670	6.530	6.530	7.470	6.530	7.470	0.300	0.000000	7.63	6.53	0.00	37
ISIS	2011-10-11	0.328222	3.046720e+5	7.470	6.530	8.690	6.530	6.530	7.470	6.530	7.470	0.220	0.000000	7.63	6.53	0.00	38
ISIS	2011-10-10	0.333917	2.994750e+5	7.310	6.530	8.790	6.530	6.530	7.310	6.530	7.310	0.230	0.000000	7.48	6.53	0.00	39
ISIS	2011-10-07	0.339387	2.946490e+5	7.310	6.530	8.820	6.530	6.530	7.310	6.530	7.310	0.340	0.000000	7.48	6.53	0.00	40
ISIS	2011-10-06	0.339354	2.946770e+5	7.310	6.530	8.820	6.530	6.530	7.310	6.530	7.310	0.410	0.000000	7.48	6.53	0.00	41
ISIS	2011-10-05	0.335636	2.979420e+5	7.410	6.530	8.820	6.530	6.530	7.310	6.530	7.410	0.440	0.000000	7.58	6.53	0.00	42
ISIS	2011-10-04	0.330143	3.028990e+5	7.410	6.530	8.820	6.530	6.530	7.310	6.530	7.410	0.510	0.000000	7.58	6.53	0.00	43
ISIS	2011-10-03	0.320677	3.118400e+5	7.410	6.690	9.120	6.630	6.690	7.310	6.690	7.410	0.330	0.000000	7.57	6.69	0.00	44
ISIS	2011-09-30	0.320187	3.123180e+5	7.410	6.690	9.230	6.630	6.690	7.310	6.690	7.410	0.270	0.000000	7.57	6.69	0.00	45
ISIS	2011-09-29	0.322828	3.097620e+5	7.490	6.690	9.230	6.630	6.690	7.310	6.690	7.490	0.350	0.000000	7.65	6.69	0.00	46
ISIS	2011-09-28	0.321398	3.111410e+5	7.530	6.800	9.230	6.630	6.800	7.310	6.800	7.530	0.640	0.000000	7.69	6.80	0.00	47
ISIS	2011-09-27	0.304629	3.282680e+5	7.530	6.800	9.230	6.630	6.800	7.230	6.800	7.530	0.220	0.000000	7.68	6.80	0.00	48
ISIS	2011-09-26	0.309084	3.235370e+5	7.530	6.800	9.310	6.630	6.800	7.170	6.800	7.530	0.270	0.000000	7.68	6.80	0.00	49
ISIS	2011-09-23	0.311141	3.213980e+5	7.530	6.800	9.310	6.630	6.800	7.170	6.800	7.530	0.400	0.000000	7.69	6.80	0.00	50
ISIS	2011-09-22	0.306464	3.263030e+5	7.530	6.800	9.310	6.630	6.800	7.240	6.800	7.530	0.280	0.000000	7.68	6.80	0.00	51
ISIS	2011-09-21	0.307857	3.248260e+5	7.530	6.800	9.310	6.630	6.800	7.410	6.800	7.530	0.210	0.000000	7.68	6.80	0.00	52
ISIS	2011-09-20	0.313007	3.194820e+5	7.530	6.830	9.310	6.630	6.830	7.410	6.830	7.530	0.270	0.000000	7.69	6.83	0.00	53
ISIS	2011-09-19	0.315271	3.171880e+5	7.530	6.900	9.310	6.630	6.910	7.410	6.900	7.530	0.300	0.000000	7.69	6.90	0.00	54
