#Header line 	date 	volatility 	unit 		brkh20 	brkl20 	brkh55 	brkl55 	low10 	high10 	low20 	high20 	truerng	ignore20	add 	sellall	normalizedprice
POW	2011-12-02	0.571644	1.749340e+5	24.530	21.350	25.600	21.000	21.350	22.580	21.350	24.530	0.440	0.000000	24.82	21.35	0.00	1
POW	2011-12-01	0.578572	1.728390e+5	24.730	21.350	25.600	21.000	21.350	22.750	21.350	24.730	0.520	0.000000	25.02	21.35	0.00	2
POW	2011-11-30	0.581655	1.719230e+5	24.730	21.350	25.600	21.000	21.350	23.270	21.350	24.730	0.770	0.000000	25.02	21.35	0.00	3
POW	2011-11-29	0.571742	1.749040e+5	24.730	21.350	25.600	21.000	21.350	23.520	21.350	24.730	0.470	0.000000	25.02	21.35	0.00	4
POW	2011-11-28	0.577097	1.732810e+5	25.100	21.350	25.600	21.000	21.350	23.600	21.350	25.100	0.800	0.000000	25.39	21.35	0.00	5
POW	2011-11-25	0.565365	1.768770e+5	25.600	21.350	25.600	21.000	21.350	23.980	21.350	25.600	0.410	0.000000	25.88	21.35	0.00	6
POW	2011-11-24	0.573542	1.743550e+5	25.600	21.500	25.600	21.000	21.500	23.980	21.500	25.600	0.710	0.000000	25.89	21.50	0.00	7
POW	2011-11-23	0.566360	1.765660e+5	25.600	22.010	25.600	21.000	22.010	23.980	22.010	25.600	0.640	0.000000	25.88	22.01	0.00	8
POW	2011-11-22	0.562485	1.777830e+5	25.600	22.180	25.600	21.000	22.180	24.430	22.180	25.600	0.480	0.000000	25.88	22.18	0.00	9
POW	2011-11-21	0.566826	1.764210e+5	25.600	22.580	25.600	21.000	22.580	24.430	22.580	25.600	0.760	0.000000	25.88	22.58	0.00	10
POW	2011-11-18	0.556659	1.796430e+5	25.600	22.750	25.600	21.000	22.750	24.530	22.750	25.600	0.510	0.000000	25.88	22.75	0.00	11
POW	2011-11-17	0.559115	1.788540e+5	25.600	23.270	25.600	21.000	23.270	24.730	23.270	25.600	0.830	0.000000	25.88	23.27	0.00	12
POW	2011-11-16	0.544858	1.835340e+5	25.600	23.520	25.600	21.000	23.520	24.730	23.520	25.600	0.260	0.000000	25.87	23.52	0.00	13
POW	2011-11-15	0.559850	1.786190e+5	25.600	23.600	25.600	21.000	23.600	24.730	23.600	25.600	0.410	0.000000	25.88	23.60	0.00	14
POW	2011-11-14	0.567737	1.761380e+5	25.600	23.660	25.600	21.000	23.660	25.100	23.660	25.600	0.920	0.000000	25.88	23.66	0.00	15
POW	2011-11-11	0.549197	1.820840e+5	25.600	23.660	25.600	21.000	23.660	25.600	23.660	25.600	0.480	0.000000	25.87	23.66	0.00	16
POW	2011-11-10	0.552839	1.808850e+5	25.600	23.750	25.600	21.000	23.750	25.600	23.750	25.600	0.470	0.000000	25.88	23.75	0.00	17
POW	2011-11-09	0.557199	1.794690e+5	25.600	24.050	25.600	21.000	24.050	25.600	24.050	25.600	0.700	0.000000	25.88	24.05	0.00	18
POW	2011-11-08	0.549683	1.819230e+5	25.600	24.040	25.600	21.000	24.050	25.600	24.040	25.600	0.380	0.000000	25.87	24.04	0.00	19
POW	2011-11-07	0.558613	1.790150e+5	25.600	23.580	25.600	21.000	24.320	25.600	23.580	25.600	0.800	0.000000	25.88	23.58	0.00	20
POW	2011-11-04	0.545909	1.831810e+5	25.600	23.580	25.600	21.000	24.320	25.600	23.580	25.600	0.380	0.000000	25.87	23.58	0.00	21
POW	2011-11-03	0.554641	1.802970e+5	25.600	23.050	25.600	21.000	24.250	25.600	23.050	25.600	0.520	0.000000	25.88	23.05	0.00	22
POW	2011-11-02	0.556464	1.797060e+5	25.600	22.020	25.600	21.000	24.230	25.600	22.020	25.600	0.570	0.000000	25.88	22.02	0.00	23
POW	2011-11-01	0.555752	1.799360e+5	25.600	22.020	25.600	21.000	24.150	25.600	22.020	25.600	0.950	0.000000	25.88	22.02	0.00	24
POW	2011-10-31	0.535002	1.869150e+5	25.600	22.020	25.600	21.000	24.090	25.600	22.020	25.600	0.620	0.000000	25.87	22.02	0.00	25
POW	2011-10-28	0.530528	1.884910e+5	25.500	22.020	25.500	21.000	24.090	25.500	22.020	25.500	0.210	0.000000	25.77	22.02	0.00	26
POW	2011-10-27	0.547398	1.826820e+5	24.920	22.020	24.920	21.000	24.090	24.920	22.020	24.920	0.660	0.000000	25.19	22.02	0.00	27
POW	2011-10-26	0.541472	1.846820e+5	24.700	22.020	24.700	21.000	24.090	24.700	22.020	24.700	0.420	0.000000	24.97	22.02	0.00	28
POW	2011-10-25	0.547865	1.825270e+5	24.700	21.770	24.700	21.000	24.040	24.700	21.770	24.700	0.410	0.000000	24.97	21.77	0.00	29
POW	2011-10-24	0.555121	1.801410e+5	24.500	21.000	24.500	21.000	23.580	24.500	21.000	24.500	0.260	0.000000	24.78	21.00	0.00	30
POW	2011-10-21	0.570654	1.752380e+5	24.430	21.000	24.640	21.000	23.580	24.430	21.000	24.430	0.400	0.000000	24.72	21.00	0.00	31
POW	2011-10-20	0.579636	1.725220e+5	24.430	21.000	24.670	21.000	23.050	24.430	21.000	24.430	0.400	0.000000	24.72	21.00	0.00	32
POW	2011-10-19	0.589090	1.697530e+5	24.430	21.000	25.350	21.000	22.020	24.430	21.000	24.430	0.520	0.000000	24.72	21.00	0.00	33
POW	2011-10-18	0.592726	1.687120e+5	24.430	21.000	25.350	21.000	22.020	24.430	21.000	24.430	0.410	0.000000	24.73	21.00	0.00	34
POW	2011-10-17	0.602344	1.660180e+5	24.430	21.000	25.350	21.000	22.020	24.430	21.000	24.430	0.440	0.000000	24.73	21.00	0.00	35
POW	2011-10-14	0.610888	1.636960e+5	24.430	21.000	25.770	21.000	22.020	24.430	21.000	24.430	0.310	0.000000	24.74	21.00	0.00	36
POW	2011-10-13	0.626724	1.595600e+5	24.430	21.000	25.960	21.000	22.020	24.430	21.000	24.430	0.400	0.000000	24.74	21.00	0.00	37
POW	2011-10-12	0.638657	1.565790e+5	24.040	21.000	25.960	21.000	22.020	24.040	21.000	24.040	0.500	0.000000	24.36	21.00	0.00	38
POW	2011-10-11	0.645955	1.548100e+5	23.840	21.000	26.010	21.000	21.770	23.840	21.000	23.840	0.550	0.000000	24.16	21.00	0.00	39
POW	2011-10-07	0.651005	1.536090e+5	23.840	21.000	26.010	21.000	21.000	23.840	21.000	23.840	0.380	0.000000	24.17	21.00	0.00	40
POW	2011-10-06	0.665268	1.503150e+5	23.050	21.000	26.010	21.000	21.000	23.050	21.000	23.050	0.860	0.000000	23.38	21.00	0.00	41
POW	2011-10-05	0.655019	1.526670e+5	23.130	21.000	26.010	21.000	21.000	22.970	21.000	23.130	1.180	0.000000	23.46	21.00	0.00	42
POW	2011-10-04	0.627389	1.593910e+5	23.130	21.000	26.010	21.000	21.000	22.970	21.000	23.130	1.160	0.000000	23.44	21.00	0.00	43
POW	2011-10-03	0.599357	1.668460e+5	23.130	21.000	26.010	21.000	21.000	22.970	21.000	23.130	0.740	0.000000	23.43	21.00	0.00	44
POW	2011-09-30	0.591954	1.689320e+5	23.440	21.000	26.070	21.000	21.000	22.900	21.000	23.440	0.440	0.000000	23.74	21.00	0.00	45
POW	2011-09-29	0.599952	1.666800e+5	23.690	21.000	26.070	21.000	21.000	22.570	21.000	23.690	0.630	0.000000	23.99	21.00	0.00	46
POW	2011-09-28	0.598370	1.671210e+5	23.690	21.000	26.070	21.000	21.000	22.570	21.000	23.690	0.720	0.000000	23.99	21.00	0.00	47
POW	2011-09-27	0.591969	1.689280e+5	23.690	21.000	26.520	21.000	21.000	22.570	21.000	23.690	0.910	0.000000	23.99	21.00	0.00	48
POW	2011-09-26	0.575230	1.738430e+5	23.690	21.000	26.530	21.000	21.000	22.570	21.000	23.690	0.820	0.000000	23.98	21.00	0.00	49
POW	2011-09-23	0.562348	1.778260e+5	23.690	21.150	26.750	21.150	21.150	22.570	21.150	23.690	0.400	0.000000	23.97	21.15	0.00	50
POW	2011-09-22	0.570892	1.751640e+5	23.690	21.700	26.800	21.700	21.700	22.780	21.700	23.690	0.800	0.000000	23.98	21.70	0.00	51
POW	2011-09-21	0.558834	1.789440e+5	23.690	21.950	26.890	21.950	21.950	23.130	21.950	23.690	0.630	0.000000	23.97	21.95	0.00	52
POW	2011-09-20	0.555089	1.801510e+5	23.690	21.950	26.890	21.950	21.950	23.130	21.950	23.690	0.400	0.000000	23.97	21.95	0.00	53
POW	2011-09-19	0.563251	1.775410e+5	23.690	21.950	26.890	21.950	21.950	23.130	21.950	23.690	0.420	0.000000	23.97	21.95	0.00	54
