#Header line 	date 	volatility 	unit 		brkh20 	brkl20 	brkh55 	brkl55 	low10 	high10 	low20 	high20 	truerng	ignore20	add 	sellall	normalizedprice
MFA	2011-12-02	0.180195	5.549540e+5	6.910	6.250	7.260	6.250	6.250	6.880	6.250	6.910	0.140	0.000000	7.00	6.25	0.00	1
MFA	2011-12-01	0.182311	5.485140e+5	6.910	6.250	7.260	6.250	6.250	6.880	6.250	6.910	0.110	0.000000	7.00	6.25	0.00	2
MFA	2011-11-30	0.186116	5.372980e+5	6.910	6.250	7.260	6.250	6.250	6.700	6.250	6.910	0.350	0.000000	7.00	6.25	0.00	3
MFA	2011-11-29	0.177491	5.634090e+5	6.910	6.250	7.260	6.250	6.250	6.700	6.250	6.910	0.060	0.000000	7.00	6.25	0.00	4
MFA	2011-11-28	0.183675	5.444410e+5	6.980	6.250	7.260	6.250	6.250	6.810	6.250	6.980	0.160	0.000000	7.07	6.25	0.00	5
MFA	2011-11-25	0.184921	5.407720e+5	6.980	6.250	7.260	6.250	6.250	6.810	6.250	6.980	0.240	0.000000	7.07	6.25	0.00	6
MFA	2011-11-23	0.182022	5.493850e+5	6.980	6.470	7.260	6.270	6.470	6.810	6.470	6.980	0.230	0.000000	7.07	6.47	0.00	7
MFA	2011-11-22	0.179497	5.571130e+5	6.980	6.530	7.260	6.270	6.530	6.910	6.530	6.980	0.150	0.000000	7.07	6.53	0.00	8
MFA	2011-11-21	0.181049	5.523360e+5	6.980	6.610	7.260	6.270	6.610	6.910	6.610	6.980	0.150	0.000000	7.07	6.61	0.00	9
MFA	2011-11-18	0.182683	5.473950e+5	6.980	6.450	7.260	6.270	6.610	6.910	6.450	6.980	0.090	0.000000	7.07	6.45	0.00	10
MFA	2011-11-17	0.187561	5.331590e+5	6.980	6.450	7.490	6.270	6.620	6.910	6.450	6.980	0.120	0.000000	7.07	6.45	0.00	11
MFA	2011-11-16	0.191117	5.232390e+5	6.980	6.450	7.520	6.270	6.620	6.910	6.450	6.980	0.140	0.000000	7.08	6.45	0.00	12
MFA	2011-11-15	0.193808	5.159760e+5	6.980	6.450	7.520	6.270	6.620	6.910	6.450	6.980	0.130	0.000000	7.08	6.45	0.00	13
MFA	2011-11-14	0.197166	5.071870e+5	6.980	6.450	7.520	6.270	6.700	6.910	6.450	6.980	0.240	0.000000	7.08	6.45	0.00	14
MFA	2011-11-11	0.194911	5.130530e+5	6.980	6.450	7.520	6.270	6.700	6.980	6.450	6.980	0.130	0.000000	7.08	6.45	0.00	15
MFA	2011-11-10	0.198328	5.042160e+5	6.980	6.400	7.520	6.270	6.700	6.980	6.400	6.980	0.130	0.000000	7.08	6.40	0.00	16
MFA	2011-11-09	0.201924	4.952360e+5	6.980	6.370	7.520	6.270	6.700	6.980	6.370	6.980	0.200	0.000000	7.08	6.37	0.00	17
MFA	2011-11-08	0.202025	4.949870e+5	6.980	6.370	7.520	6.270	6.700	6.980	6.370	6.980	0.190	0.000000	7.08	6.37	0.00	18
MFA	2011-11-07	0.202658	4.934420e+5	6.980	6.370	7.520	6.270	6.700	6.980	6.370	6.980	0.250	0.000000	7.08	6.37	0.00	19
MFA	2011-11-04	0.200167	4.995840e+5	6.980	6.270	7.520	6.270	6.450	6.980	6.270	6.980	0.120	0.000000	7.08	6.27	0.00	20
MFA	2011-11-03	0.204386	4.892710e+5	6.980	6.270	7.660	6.270	6.450	6.980	6.270	6.980	0.150	0.000000	7.08	6.27	0.00	21
MFA	2011-11-02	0.207248	4.825130e+5	6.980	6.270	7.660	6.270	6.450	6.980	6.270	6.980	0.170	0.000000	7.08	6.27	0.00	22
MFA	2011-11-01	0.209209	4.779920e+5	6.980	6.270	7.660	6.270	6.450	6.980	6.270	6.980	0.290	0.000000	7.08	6.27	0.00	23
MFA	2011-10-31	0.204957	4.879080e+5	6.980	6.270	7.660	6.270	6.450	6.980	6.270	6.980	0.250	0.000000	7.08	6.27	0.00	24
MFA	2011-10-28	0.202586	4.936180e+5	7.020	6.270	7.660	6.270	6.450	6.940	6.270	7.020	0.230	0.000000	7.12	6.27	0.00	25
MFA	2011-10-27	0.201143	4.971590e+5	7.070	6.270	7.660	6.270	6.400	6.760	6.270	7.070	0.250	0.000000	7.17	6.27	0.00	26
MFA	2011-10-26	0.198572	5.035970e+5	7.070	6.270	7.660	6.270	6.370	6.760	6.270	7.070	0.190	0.000000	7.17	6.27	0.00	27
MFA	2011-10-25	0.199023	5.024550e+5	7.070	6.270	7.660	6.270	6.370	6.760	6.270	7.070	0.200	0.000000	7.17	6.27	0.00	28
MFA	2011-10-24	0.198971	5.025850e+5	7.070	6.270	7.660	6.270	6.370	6.550	6.270	7.070	0.360	0.000000	7.17	6.27	0.00	29
MFA	2011-10-21	0.190496	5.249450e+5	7.070	6.270	7.660	6.270	6.270	6.550	6.270	7.070	0.180	0.000000	7.17	6.27	0.00	30
MFA	2011-10-20	0.191049	5.234270e+5	7.070	6.270	7.660	6.270	6.270	6.550	6.270	7.070	0.130	0.000000	7.17	6.27	0.00	31
MFA	2011-10-19	0.194262	5.147700e+5	7.070	6.270	7.660	6.270	6.270	6.600	6.270	7.070	0.070	0.000000	7.17	6.27	0.00	32
MFA	2011-10-18	0.200802	4.980040e+5	7.170	6.270	7.710	6.270	6.270	6.600	6.270	7.170	0.100	0.000000	7.27	6.27	0.00	33
MFA	2011-10-17	0.206107	4.851850e+5	7.230	6.270	7.710	6.270	6.270	6.610	6.270	7.230	0.130	0.000000	7.33	6.27	0.00	34
MFA	2011-10-14	0.210113	4.759350e+5	7.260	6.270	7.710	6.270	6.270	7.020	6.270	7.260	0.260	0.000000	7.37	6.27	0.00	35
MFA	2011-10-13	0.207487	4.819580e+5	7.260	6.270	7.710	6.270	6.270	7.070	6.270	7.260	0.150	0.000000	7.36	6.27	0.00	36
MFA	2011-10-12	0.210513	4.750310e+5	7.260	6.270	7.800	6.270	6.270	7.070	6.270	7.260	0.140	0.000000	7.37	6.27	0.00	37
MFA	2011-10-11	0.214224	4.668010e+5	7.260	6.270	7.800	6.270	6.270	7.070	6.270	7.260	0.150	0.000000	7.37	6.27	0.00	38
MFA	2011-10-10	0.217604	4.595500e+5	7.260	6.270	7.820	6.270	6.270	7.070	6.270	7.260	0.200	0.000000	7.37	6.27	0.00	39
MFA	2011-10-07	0.218531	4.576020e+5	7.260	6.460	7.830	6.460	6.460	7.070	6.460	7.260	0.280	0.000000	7.37	6.46	0.00	40
MFA	2011-10-06	0.215295	4.644780e+5	7.260	6.570	7.870	6.570	6.570	7.070	6.570	7.260	0.330	0.000000	7.37	6.57	0.00	41
MFA	2011-10-05	0.209258	4.778780e+5	7.260	6.570	7.870	6.570	6.570	7.070	6.570	7.260	0.200	0.000000	7.36	6.57	0.00	42
MFA	2011-10-04	0.209746	4.767680e+5	7.260	6.610	7.870	6.610	6.610	7.170	6.610	7.260	0.360	0.000000	7.36	6.61	0.00	43
MFA	2011-10-03	0.201837	4.954480e+5	7.260	6.820	7.870	6.740	6.820	7.230	6.820	7.260	0.490	0.000000	7.36	6.82	0.00	44
MFA	2011-09-30	0.186671	5.357020e+5	7.260	6.820	7.870	6.740	6.820	7.260	6.820	7.260	0.100	0.000000	7.35	6.82	0.00	45
MFA	2011-09-29	0.191233	5.229230e+5	7.490	6.820	7.870	6.740	6.820	7.260	6.820	7.490	0.140	0.000000	7.59	6.82	0.00	46
MFA	2011-09-28	0.193929	5.156530e+5	7.520	6.820	7.870	6.740	6.820	7.260	6.820	7.520	0.090	0.000000	7.62	6.82	0.00	47
MFA	2011-09-27	0.199399	5.015070e+5	7.520	6.820	8.300	6.740	6.820	7.260	6.820	7.520	0.170	0.000000	7.62	6.82	0.00	48
MFA	2011-09-26	0.200946	4.976450e+5	7.520	6.820	8.340	6.740	6.820	7.260	6.820	7.520	0.200	0.000000	7.62	6.82	0.00	49
MFA	2011-09-23	0.200996	4.975220e+5	7.520	6.830	8.340	6.740	6.830	7.260	6.830	7.520	0.120	0.000000	7.62	6.83	0.00	50
MFA	2011-09-22	0.205259	4.871890e+5	7.520	6.870	8.340	6.740	6.870	7.260	6.870	7.520	0.220	0.000000	7.62	6.87	0.00	51
MFA	2011-09-21	0.204483	4.890380e+5	7.520	6.980	8.340	6.740	6.980	7.260	6.980	7.520	0.340	0.000000	7.62	6.98	0.00	52
MFA	2011-09-20	0.197351	5.067120e+5	7.520	6.980	8.340	6.740	6.980	7.260	6.980	7.520	0.140	0.000000	7.62	6.98	0.00	53
MFA	2011-09-19	0.200369	4.990790e+5	7.520	6.980	8.340	6.740	6.980	7.260	6.980	7.520	0.100	0.000000	7.62	6.98	0.00	54
