#Header line 	date 	volatility 	unit 		brkh20 	brkl20 	brkh55 	brkl55 	low10 	high10 	low20 	high20 	truerng	ignore20	add 	sellall	normalizedprice
SWK	2011-12-02	2.208120	4.528730e+4	68.090	60.230	68.090	47.830	60.230	65.430	60.230	68.090	1.530	0.000000	69.19	60.23	0.00	1
SWK	2011-12-01	2.243810	4.456700e+4	68.090	60.230	68.090	47.830	60.230	65.430	60.230	68.090	1.430	0.000000	69.21	60.23	0.00	2
SWK	2011-11-30	2.286650	4.373220e+4	68.090	60.230	68.090	47.830	60.230	67.840	60.230	68.090	2.490	0.000000	69.23	60.23	0.00	3
SWK	2011-11-29	2.275940	4.393780e+4	68.090	60.230	68.090	47.830	60.230	67.840	60.230	68.090	1.710	0.000000	69.23	60.23	0.00	4
SWK	2011-11-28	2.305730	4.337020e+4	68.090	60.230	68.090	47.830	60.230	68.090	60.230	68.090	2.900	0.000000	69.24	60.23	0.00	5
SWK	2011-11-25	2.274450	4.396660e+4	68.090	60.250	68.090	47.830	60.250	68.090	60.250	68.090	1.090	0.000000	69.23	60.25	0.00	6
SWK	2011-11-23	2.336790	4.279370e+4	68.090	61.940	68.090	47.830	62.130	68.090	61.940	68.090	2.660	0.000000	69.26	61.94	0.00	7
SWK	2011-11-22	2.319780	4.310750e+4	68.090	60.980	68.090	47.830	62.130	68.090	60.980	68.090	1.800	0.000000	69.25	60.98	0.00	8
SWK	2011-11-21	2.347140	4.260510e+4	68.090	60.980	68.090	47.830	63.660	68.090	60.980	68.090	2.750	0.000000	69.26	60.98	0.00	9
SWK	2011-11-18	2.325940	4.299340e+4	68.090	60.980	68.090	47.830	64.450	68.090	60.980	68.090	1.920	0.000000	69.25	60.98	0.00	10
SWK	2011-11-17	2.347300	4.260210e+4	68.090	60.410	68.090	47.830	64.450	68.090	60.410	68.090	2.370	0.000000	69.26	60.41	0.00	11
SWK	2011-11-16	2.346110	4.262380e+4	68.090	59.800	68.090	47.830	64.090	68.090	59.800	68.090	2.750	0.000000	69.26	59.80	0.00	12
SWK	2011-11-15	2.324850	4.301360e+4	68.090	59.800	68.090	47.830	61.940	68.090	59.800	68.090	1.990	0.000000	69.25	59.80	0.00	13
SWK	2011-11-14	2.342470	4.268990e+4	68.090	56.190	68.090	47.830	61.940	68.090	56.190	68.090	1.130	0.000000	69.26	56.19	0.00	14
SWK	2011-11-11	2.406290	4.155780e+4	67.660	56.190	67.660	47.830	61.940	67.660	56.190	67.660	2.880	0.000000	68.86	56.19	0.00	15
SWK	2011-11-10	2.381350	4.199290e+4	67.660	56.190	67.660	47.830	61.940	67.660	56.190	67.660	1.310	0.000000	68.85	56.19	0.00	16
SWK	2011-11-09	2.437740	4.102160e+4	67.660	56.190	67.660	47.830	61.940	67.660	56.190	67.660	3.450	0.000000	68.88	56.19	0.00	17
SWK	2011-11-08	2.384460	4.193810e+4	66.770	55.960	66.770	47.830	60.980	66.770	55.960	66.770	2.100	0.000000	67.96	55.96	0.00	18
SWK	2011-11-07	2.399440	4.167650e+4	66.770	55.960	66.770	47.830	60.980	66.770	55.960	66.770	1.780	0.000000	67.97	55.96	0.00	19
SWK	2011-11-04	2.432040	4.111780e+4	66.690	53.530	66.690	47.830	60.980	66.690	53.530	66.690	1.830	0.000000	67.91	53.53	0.00	20
SWK	2011-11-03	2.463720	4.058900e+4	66.690	53.530	66.690	47.830	60.410	66.690	53.530	66.690	2.390	0.000000	67.92	53.53	0.00	21
SWK	2011-11-02	2.467600	4.052510e+4	66.690	53.530	66.690	47.830	59.800	66.690	53.530	66.690	2.400	0.000000	67.92	53.53	0.00	22
SWK	2011-11-01	2.471160	4.046680e+4	66.690	52.240	66.690	47.830	59.800	66.690	52.240	66.690	2.750	0.000000	67.93	52.24	0.00	23
SWK	2011-10-31	2.456490	4.070850e+4	66.690	48.250	66.690	47.830	56.190	66.690	48.250	66.690	2.860	0.000000	67.92	48.25	0.00	24
SWK	2011-10-28	2.435250	4.106360e+4	65.750	48.250	65.750	47.830	56.190	65.750	48.250	65.750	1.600	0.000000	66.97	48.25	0.00	25
SWK	2011-10-27	2.479210	4.033540e+4	63.050	48.250	63.050	47.830	56.190	63.050	48.250	63.050	3.780	0.000000	64.29	48.25	0.00	26
SWK	2011-10-26	2.410750	4.148090e+4	62.840	48.250	62.850	47.830	56.190	62.840	48.250	62.840	2.580	0.000000	64.05	48.25	0.00	27
SWK	2011-10-25	2.401840	4.163480e+4	62.840	48.250	62.850	47.830	55.960	62.840	48.250	62.840	2.080	0.000000	64.04	48.25	0.00	28
SWK	2011-10-24	2.418780	4.134320e+4	62.260	48.250	62.850	47.830	55.960	62.260	48.250	62.260	1.280	0.000000	63.47	48.25	0.00	29
SWK	2011-10-21	2.478710	4.034350e+4	60.990	48.250	62.850	47.830	53.530	60.990	48.250	60.990	2.970	0.000000	62.23	48.25	0.00	30
SWK	2011-10-20	2.452860	4.076880e+4	60.990	47.830	64.690	47.830	53.530	60.990	47.830	60.990	1.850	0.000000	62.22	47.83	0.00	31
SWK	2011-10-19	2.484590	4.024810e+4	60.990	47.830	64.690	47.830	53.530	60.990	47.830	60.990	1.970	0.000000	62.23	47.83	0.00	32
SWK	2011-10-18	2.511670	3.981420e+4	58.060	47.830	65.430	47.830	52.240	58.060	47.830	58.060	5.790	0.000000	59.32	47.83	0.00	33
SWK	2011-10-17	2.339130	4.275100e+4	58.060	47.830	65.770	47.830	48.250	58.060	47.830	58.060	2.470	0.000000	59.23	47.83	0.00	34
SWK	2011-10-14	2.332240	4.287730e+4	57.950	47.830	65.770	47.830	48.250	57.950	47.830	57.950	1.490	0.000000	59.12	47.83	0.00	35
SWK	2011-10-13	2.376570	4.207750e+4	57.950	47.830	65.770	47.830	48.250	57.950	47.830	57.950	2.040	0.000000	59.14	47.83	0.00	36
SWK	2011-10-12	2.394280	4.176620e+4	57.020	47.830	67.780	47.830	48.250	56.040	47.830	57.020	2.520	0.000000	58.22	47.83	0.00	37
SWK	2011-10-11	2.387660	4.188190e+4	57.020	47.830	68.900	47.830	48.250	56.040	47.830	57.020	1.040	0.000000	58.21	47.83	0.00	38
SWK	2011-10-10	2.458590	4.067370e+4	57.020	47.830	70.100	47.830	48.250	55.230	47.830	57.020	2.540	0.000000	58.25	47.83	0.00	39
SWK	2011-10-07	2.454310	4.074470e+4	57.020	47.830	70.100	47.830	48.250	55.230	47.830	57.020	2.390	0.000000	58.25	47.83	0.00	40
SWK	2011-10-06	2.457690	4.068860e+4	57.200	47.830	70.100	47.830	47.830	53.720	47.830	57.200	2.420	0.000000	58.43	47.83	0.00	41
SWK	2011-10-05	2.459680	4.065570e+4	59.060	47.830	70.100	47.830	47.830	53.210	47.830	59.060	2.040	0.000000	60.29	47.83	0.00	42
SWK	2011-10-04	2.481770	4.029390e+4	59.060	47.830	70.100	47.830	47.830	53.950	47.830	59.060	5.190	0.000000	60.30	47.83	0.00	43
SWK	2011-10-03	2.339230	4.274920e+4	59.060	47.830	70.100	47.830	47.830	55.320	47.830	59.060	2.060	0.000000	60.23	47.83	0.00	44
SWK	2011-09-30	2.353920	4.248230e+4	60.360	47.830	70.100	47.830	47.830	56.730	47.830	60.360	2.820	0.000000	61.54	47.83	0.00	45
SWK	2011-09-29	2.329390	4.292960e+4	61.980	47.830	71.100	47.830	47.830	57.020	47.830	61.980	2.310	0.000000	63.14	47.83	0.00	46
SWK	2011-09-28	2.330410	4.291080e+4	62.060	47.830	71.150	47.830	47.830	57.020	47.830	62.060	2.120	0.000000	63.23	47.83	0.00	47
SWK	2011-09-27	2.341490	4.270790e+4	62.060	47.830	72.440	47.830	47.830	57.020	47.830	62.060	3.070	0.000000	63.23	47.83	0.00	48
SWK	2011-09-26	2.303140	4.341890e+4	62.060	47.830	74.490	47.830	47.830	57.020	47.830	62.060	2.020	0.000000	63.21	47.83	0.00	49
SWK	2011-09-23	2.318050	4.313980e+4	62.060	47.830	75.330	47.830	47.830	57.020	47.830	62.060	3.360	0.000000	63.22	47.83	0.00	50
SWK	2011-09-22	2.263210	4.418510e+4	62.060	50.910	75.330	50.910	50.910	57.200	50.910	62.060	3.210	0.000000	63.19	50.91	0.00	51
SWK	2011-09-21	2.213380	4.517980e+4	62.060	53.950	75.330	53.950	53.950	59.060	53.950	62.060	3.410	0.000000	63.17	53.95	0.00	52
SWK	2011-09-20	2.150400	4.650310e+4	62.060	54.020	75.330	54.020	54.020	59.060	54.020	62.060	1.820	0.000000	63.14	54.02	0.00	53
SWK	2011-09-19	2.167790	4.613000e+4	62.060	54.020	75.330	54.020	54.020	59.060	54.020	62.060	2.140	0.000000	63.14	54.02	0.00	54
