#Header line 	date 	volatility 	unit 		brkh20 	brkl20 	brkh55 	brkl55 	low10 	high10 	low20 	high20 	truerng	ignore20	add 	sellall	normalizedprice
MRK	2011-12-02	0.747880	1.337110e+5	35.970	33.160	35.970	31.050	33.160	35.750	33.160	35.970	0.540	0.000000	36.34	33.16	0.00	1
MRK	2011-12-01	0.758821	1.317830e+5	35.970	33.160	35.970	31.050	33.160	35.750	33.160	35.970	0.430	0.000000	36.35	33.16	0.00	2
MRK	2011-11-30	0.776128	1.288450e+5	35.970	33.160	35.970	31.050	33.160	35.730	33.160	35.970	1.320	0.000000	36.36	33.16	0.00	3
MRK	2011-11-29	0.747503	1.337790e+5	35.970	33.160	35.970	31.050	33.160	35.730	33.160	35.970	0.650	0.000000	36.34	33.16	0.00	4
MRK	2011-11-28	0.752635	1.328670e+5	35.970	33.160	35.970	31.050	33.160	35.970	33.160	35.970	1.150	0.000000	36.35	33.16	0.00	5
MRK	2011-11-25	0.731721	1.366640e+5	35.970	33.190	35.970	31.050	33.190	35.970	33.190	35.970	0.270	0.000000	36.34	33.19	0.00	6
MRK	2011-11-23	0.756022	1.322710e+5	35.970	33.540	35.970	31.050	33.790	35.970	33.540	35.970	0.620	0.000000	36.35	33.54	0.00	7
MRK	2011-11-22	0.763181	1.310310e+5	35.970	32.910	35.970	31.050	33.790	35.970	32.910	35.970	0.460	0.000000	36.35	32.91	0.00	8
MRK	2011-11-21	0.779138	1.283470e+5	35.970	32.910	35.970	31.050	33.790	35.970	32.910	35.970	0.950	0.000000	36.36	32.91	0.00	9
MRK	2011-11-18	0.770145	1.298460e+5	35.970	32.910	35.970	31.050	33.790	35.970	32.910	35.970	0.380	0.000000	36.36	32.91	0.00	10
MRK	2011-11-17	0.790679	1.264740e+5	35.970	32.800	35.970	31.050	33.790	35.970	32.800	35.970	0.760	0.000000	36.37	32.80	0.00	11
MRK	2011-11-16	0.792294	1.262160e+5	35.970	32.540	35.970	31.050	33.790	35.970	32.540	35.970	0.700	0.000000	36.37	32.54	0.00	12
MRK	2011-11-15	0.797151	1.254470e+5	35.970	32.540	35.970	31.050	33.790	35.970	32.540	35.970	0.530	0.000000	36.37	32.54	0.00	13
MRK	2011-11-14	0.811212	1.232720e+5	35.970	32.310	35.970	31.050	33.790	35.970	32.310	35.970	0.860	0.000000	36.38	32.31	0.00	14
MRK	2011-11-11	0.808644	1.236640e+5	35.110	32.310	35.110	31.050	33.790	35.110	32.310	35.110	1.280	0.000000	35.51	32.31	0.00	15
MRK	2011-11-10	0.783836	1.275780e+5	35.110	32.310	35.110	31.050	33.790	35.110	32.310	35.110	1.350	0.000000	35.50	32.31	0.00	16
MRK	2011-11-09	0.754038	1.326190e+5	35.110	32.310	35.110	31.050	33.540	35.110	32.310	35.110	1.000	0.000000	35.49	32.31	0.00	17
MRK	2011-11-08	0.741092	1.349360e+5	35.110	31.930	35.110	31.050	32.910	35.110	31.930	35.110	0.570	0.000000	35.48	31.93	0.00	18
MRK	2011-11-07	0.750097	1.333160e+5	35.110	31.930	35.110	31.050	32.910	35.110	31.930	35.110	0.520	0.000000	35.49	31.93	0.00	19
MRK	2011-11-04	0.762208	1.311980e+5	35.110	31.610	35.110	31.050	32.910	35.110	31.610	35.110	0.750	0.000000	35.49	31.61	0.00	20
MRK	2011-11-03	0.762850	1.310870e+5	35.110	31.420	35.110	31.050	32.800	35.110	31.420	35.110	0.540	0.000000	35.49	31.42	0.00	21
MRK	2011-11-02	0.774579	1.291020e+5	35.110	31.420	35.110	31.050	32.540	35.110	31.420	35.110	0.570	0.000000	35.50	31.42	0.00	22
MRK	2011-11-01	0.785346	1.273320e+5	35.110	31.350	35.110	31.050	32.540	35.110	31.350	35.110	0.950	0.000000	35.50	31.35	0.00	23
MRK	2011-10-31	0.776680	1.287530e+5	35.110	31.350	35.110	31.050	32.310	35.110	31.350	35.110	0.740	0.000000	35.50	31.35	0.00	24
MRK	2011-10-28	0.778611	1.284340e+5	34.310	31.350	34.310	31.050	32.310	34.310	31.350	34.310	1.190	0.000000	34.70	31.35	0.00	25
MRK	2011-10-27	0.756959	1.321080e+5	33.540	31.350	33.540	29.810	32.310	33.540	31.350	33.540	1.020	0.000000	33.92	31.35	0.00	26
MRK	2011-10-26	0.743114	1.345690e+5	33.530	31.350	33.530	29.810	32.310	33.530	31.350	33.530	0.780	0.000000	33.90	31.35	0.00	27
MRK	2011-10-25	0.741173	1.349210e+5	33.530	31.350	33.530	29.810	31.930	33.530	31.350	33.530	0.760	0.000000	33.90	31.35	0.00	28
MRK	2011-10-24	0.740182	1.351020e+5	33.350	31.350	33.350	29.810	31.930	33.350	31.350	33.350	0.430	0.000000	33.72	31.35	0.00	29
MRK	2011-10-21	0.756508	1.321860e+5	32.980	31.050	33.100	29.810	31.610	32.980	31.050	32.980	0.620	0.000000	33.36	31.05	0.00	30
MRK	2011-10-20	0.763692	1.309430e+5	32.980	31.050	33.100	29.810	31.420	32.980	31.050	32.980	0.630	0.000000	33.36	31.05	0.00	31
MRK	2011-10-19	0.770729	1.297470e+5	32.980	31.050	33.100	29.810	31.420	32.980	31.050	32.980	0.640	0.000000	33.37	31.05	0.00	32
MRK	2011-10-18	0.777609	1.285990e+5	32.980	31.050	33.440	29.810	31.350	32.980	31.050	32.980	0.820	0.000000	33.37	31.05	0.00	33
MRK	2011-10-17	0.775378	1.289690e+5	32.980	31.050	34.130	29.810	31.350	32.980	31.050	32.980	0.930	0.000000	33.37	31.05	0.00	34
MRK	2011-10-14	0.767240	1.303370e+5	32.700	31.050	34.930	29.810	31.350	32.700	31.050	32.700	0.310	0.000000	33.08	31.05	0.00	35
MRK	2011-10-13	0.791305	1.263730e+5	32.700	31.050	35.190	29.810	31.350	32.700	31.050	32.700	0.610	0.000000	33.10	31.05	0.00	36
MRK	2011-10-12	0.800848	1.248680e+5	32.700	31.050	35.790	29.810	31.350	32.700	31.050	32.700	0.840	0.000000	33.10	31.05	0.00	37
MRK	2011-10-11	0.798787	1.251900e+5	32.700	31.050	35.890	29.810	31.350	32.700	31.050	32.700	0.590	0.000000	33.10	31.05	0.00	38
MRK	2011-10-10	0.809776	1.234910e+5	32.700	31.050	36.090	29.810	31.350	32.700	31.050	32.700	0.960	0.000000	33.10	31.05	0.00	39
MRK	2011-10-07	0.801869	1.247090e+5	32.700	31.050	36.180	29.810	31.050	32.700	31.050	32.700	0.860	0.000000	33.10	31.05	0.00	40
MRK	2011-10-06	0.798810	1.251860e+5	32.780	31.050	36.180	29.810	31.050	32.700	31.050	32.780	0.570	0.000000	33.18	31.05	0.00	41
MRK	2011-10-05	0.810852	1.233270e+5	32.960	31.050	36.180	29.810	31.050	32.700	31.050	32.960	0.760	0.000000	33.37	31.05	0.00	42
MRK	2011-10-04	0.813529	1.229210e+5	32.960	31.050	36.180	29.810	31.050	32.700	31.050	32.960	1.030	0.000000	33.37	31.05	0.00	43
MRK	2011-10-03	0.802136	1.246670e+5	32.960	31.050	36.180	29.810	31.050	32.700	31.050	32.960	1.160	0.000000	33.36	31.05	0.00	44
MRK	2011-09-30	0.783301	1.276650e+5	32.960	31.050	36.310	29.810	31.050	32.680	31.050	32.960	0.970	0.000000	33.35	31.05	0.00	45
MRK	2011-09-29	0.773474	1.292870e+5	33.100	31.050	36.310	29.810	31.050	32.680	31.050	33.100	0.880	0.000000	33.49	31.05	0.00	46
MRK	2011-09-28	0.767868	1.302310e+5	33.100	31.050	36.310	29.810	31.050	32.680	31.050	33.100	0.800	0.000000	33.48	31.05	0.00	47
MRK	2011-09-27	0.766177	1.305180e+5	33.100	31.050	36.310	29.810	31.050	32.680	31.050	33.100	0.890	0.000000	33.48	31.05	0.00	48
MRK	2011-09-26	0.759659	1.316380e+5	33.100	31.050	36.310	29.810	31.050	32.680	31.050	33.100	0.680	0.000000	33.48	31.05	0.00	49
MRK	2011-09-23	0.763852	1.309150e+5	33.100	31.130	36.310	29.810	31.130	32.680	31.130	33.100	0.520	0.000000	33.48	31.13	0.00	50
MRK	2011-09-22	0.776686	1.287520e+5	33.100	31.740	36.310	29.810	31.740	32.780	31.740	33.100	1.080	0.000000	33.49	31.74	0.00	51
MRK	2011-09-21	0.760723	1.314540e+5	33.100	31.740	36.310	29.810	31.740	32.960	31.740	33.100	1.090	0.000000	33.48	31.74	0.00	52
MRK	2011-09-20	0.743392	1.345180e+5	33.100	31.310	36.310	29.810	31.740	32.960	31.310	33.100	0.670	0.000000	33.47	31.31	0.00	53
MRK	2011-09-19	0.747255	1.338230e+5	33.100	31.260	36.310	29.810	31.740	32.960	31.260	33.100	0.780	0.000000	33.47	31.26	0.00	54
