#Header line 	date 	volatility 	unit 		brkh20 	brkl20 	brkh55 	brkl55 	low10 	high10 	low20 	high20 	truerng	ignore20	add 	sellall	normalizedprice
^VIX	2011-12-02	3.276640	3.051900e+4	36.160	27.410	45.450	24.530	27.410	34.510	27.410	36.160	2.330	0.000000	37.80	27.41	0.00	1
^VIX	2011-12-01	3.326470	3.006190e+4	36.160	27.480	45.450	24.530	27.800	34.510	27.480	36.160	1.250	0.000000	37.82	27.48	0.00	2
^VIX	2011-11-30	3.435760	2.910570e+4	36.160	27.480	45.450	24.530	30.640	34.510	27.480	36.160	3.610	0.000000	37.88	27.48	0.00	3
^VIX	2011-11-29	3.426580	2.918360e+4	36.160	27.480	45.450	24.530	31.130	34.510	27.480	36.160	1.570	0.000000	37.87	27.48	0.00	4
^VIX	2011-11-28	3.524300	2.837440e+4	36.160	24.530	45.450	24.530	30.040	34.510	24.530	36.160	5.000	0.000000	37.92	24.53	0.00	5
^VIX	2011-11-25	3.446630	2.901380e+4	36.160	24.530	45.450	24.530	30.040	34.510	24.530	36.160	1.650	0.000000	37.88	24.53	0.00	6
^VIX	2011-11-23	3.541190	2.823910e+4	36.160	24.530	45.450	24.530	30.040	36.160	24.530	36.160	2.600	0.000000	37.93	24.53	0.00	7
^VIX	2011-11-22	3.590730	2.784950e+4	36.160	24.530	45.450	24.530	27.480	36.160	24.530	36.160	2.110	0.000000	37.96	24.53	0.00	8
^VIX	2011-11-21	3.668660	2.725790e+4	36.160	24.530	45.450	24.530	27.480	36.160	24.530	36.160	3.290	0.000000	37.99	24.53	0.00	9
^VIX	2011-11-18	3.688590	2.711060e+4	36.160	24.530	45.450	24.530	27.480	36.160	24.530	36.160	2.590	0.000000	38.00	24.53	0.00	10
^VIX	2011-11-17	3.746410	2.669220e+4	36.160	24.530	45.450	24.530	27.480	36.160	24.530	36.160	3.570	0.000000	38.03	24.53	0.00	11
^VIX	2011-11-16	3.755700	2.662620e+4	36.160	24.530	45.450	24.530	27.480	36.160	24.530	36.160	2.970	0.000000	38.04	24.53	0.00	12
^VIX	2011-11-15	3.797050	2.633630e+4	36.160	24.530	45.450	24.530	27.480	36.160	24.530	36.160	2.150	0.000000	38.06	24.53	0.00	13
^VIX	2011-11-14	3.883730	2.574840e+4	36.160	24.530	45.450	24.530	27.480	36.160	24.530	36.160	2.810	0.000000	38.10	24.53	0.00	14
^VIX	2011-11-11	3.940250	2.537910e+4	36.160	24.530	45.450	24.530	24.530	36.160	24.530	36.160	3.360	0.000000	38.13	24.53	0.00	15
^VIX	2011-11-10	3.970790	2.518390e+4	36.160	24.530	45.450	24.530	24.530	36.160	24.530	36.160	4.040	0.000000	38.15	24.53	0.00	16
^VIX	2011-11-09	3.967140	2.520710e+4	34.780	24.530	45.450	24.530	24.530	34.770	24.530	34.780	8.950	0.000000	36.76	24.53	0.00	17
^VIX	2011-11-08	3.704890	2.699140e+4	34.780	24.530	45.450	24.530	24.530	34.770	24.530	34.780	3.020	0.000000	36.63	24.53	0.00	18
^VIX	2011-11-07	3.740930	2.673130e+4	34.780	24.530	45.450	24.530	24.530	34.770	24.530	34.780	2.300	0.000000	36.65	24.53	0.00	19
^VIX	2011-11-04	3.816770	2.620010e+4	36.200	24.530	45.450	24.530	24.530	34.770	24.530	36.200	2.420	0.000000	38.11	24.53	0.00	20
^VIX	2011-11-03	3.890290	2.570500e+4	36.270	24.530	45.450	24.530	24.530	34.780	24.530	36.270	4.440	0.000000	38.22	24.53	0.00	21
^VIX	2011-11-02	3.861350	2.589760e+4	37.810	24.530	45.450	24.530	24.530	34.780	24.530	37.810	2.220	0.000000	39.74	24.53	0.00	22
^VIX	2011-11-01	3.947740	2.533090e+4	40.820	24.530	45.450	24.530	24.530	34.780	24.530	40.820	7.570	0.000000	42.79	24.53	0.00	23
^VIX	2011-10-31	3.757100	2.661630e+4	45.450	24.530	45.450	24.530	24.530	34.780	24.530	45.450	5.440	0.000000	47.33	24.53	0.00	24
^VIX	2011-10-28	3.668520	2.725890e+4	45.450	25.460	45.450	25.460	25.460	34.780	25.460	45.450	1.580	0.000000	47.28	25.46	0.00	25
^VIX	2011-10-27	3.778450	2.646590e+4	45.450	28.240	45.450	28.240	28.240	34.780	28.240	45.450	5.160	0.000000	47.34	28.24	0.00	26
^VIX	2011-10-26	3.705730	2.698520e+4	45.450	28.240	45.450	28.240	28.240	34.780	28.240	45.450	3.670	0.000000	47.30	28.24	0.00	27
^VIX	2011-10-25	3.707610	2.697150e+4	45.450	28.240	48.000	28.240	28.240	34.780	28.240	45.450	3.200	0.000000	47.30	28.24	0.00	28
^VIX	2011-10-24	3.734330	2.677860e+4	45.450	28.240	48.000	28.240	28.240	34.780	28.240	45.450	2.860	0.000000	47.32	28.24	0.00	29
^VIX	2011-10-21	3.780350	2.645260e+4	45.450	28.240	48.000	28.240	28.240	36.200	28.240	45.450	3.460	0.000000	47.34	28.24	0.00	30
^VIX	2011-10-20	3.797210	2.633520e+4	45.450	28.240	48.000	23.380	28.240	36.270	28.240	45.450	2.710	0.000000	47.35	28.24	0.00	31
^VIX	2011-10-19	3.854430	2.594420e+4	45.450	28.240	48.000	23.380	28.240	37.810	28.240	45.450	3.910	0.000000	47.38	28.24	0.00	32
^VIX	2011-10-18	3.851500	2.596390e+4	45.450	28.240	48.000	23.380	28.240	40.820	28.240	45.450	5.020	0.000000	47.38	28.24	0.00	33
^VIX	2011-10-17	3.790000	2.638520e+4	45.450	28.240	48.000	23.380	28.240	45.450	28.240	45.450	5.150	0.000000	47.34	28.24	0.00	34
^VIX	2011-10-14	3.718420	2.689310e+4	45.450	30.700	48.000	23.380	30.700	45.450	30.700	45.450	2.620	0.000000	47.31	30.70	0.00	35
^VIX	2011-10-13	3.776240	2.648140e+4	45.450	30.980	48.000	22.980	31.260	45.450	30.980	45.450	2.280	0.000000	47.34	30.98	0.00	36
^VIX	2011-10-12	3.854990	2.594040e+4	45.450	30.980	48.000	20.230	32.860	45.450	30.980	45.450	3.070	0.000000	47.38	30.98	0.00	37
^VIX	2011-10-11	3.896300	2.566540e+4	45.450	30.980	48.000	19.350	33.020	45.450	30.980	45.450	1.620	0.000000	47.40	30.98	0.00	38
^VIX	2011-10-10	4.016110	2.489970e+4	45.450	30.980	48.000	17.520	36.200	45.450	30.980	45.450	3.240	0.000000	47.46	30.98	0.00	39
^VIX	2011-10-07	4.056950	2.464900e+4	45.450	30.980	48.000	17.520	36.270	45.450	30.980	45.450	2.630	0.000000	47.48	30.98	0.00	40
^VIX	2011-10-06	4.132060	2.420100e+4	45.450	30.980	48.000	17.520	37.710	45.450	30.980	45.450	2.590	0.000000	47.52	30.98	0.00	41
^VIX	2011-10-05	4.213220	2.373480e+4	45.450	30.980	48.000	17.520	37.320	45.450	30.980	45.450	3.690	0.000000	47.56	30.98	0.00	42
^VIX	2011-10-04	4.240750	2.358070e+4	45.450	30.980	48.000	17.520	32.860	45.450	30.980	45.450	6.860	0.000000	47.57	30.98	0.00	43
^VIX	2011-10-03	4.102900	2.437300e+4	42.960	30.980	48.000	17.520	32.730	42.960	30.980	42.960	4.040	0.000000	45.01	30.98	0.00	44
^VIX	2011-09-30	4.106210	2.435340e+4	41.350	30.980	48.000	17.520	30.980	41.350	30.980	41.350	4.150	0.000000	43.40	30.98	0.00	45
^VIX	2011-09-29	4.103910	2.436700e+4	41.350	30.980	48.000	17.520	30.980	41.350	30.980	41.350	3.970	0.000000	43.40	30.98	0.00	46
^VIX	2011-09-28	4.110950	2.432530e+4	41.350	30.980	48.000	17.520	30.980	41.350	30.980	41.350	4.590	0.000000	43.41	30.98	0.00	47
^VIX	2011-09-27	4.085740	2.447540e+4	41.350	30.980	48.000	17.520	30.980	41.350	30.980	41.350	3.700	0.000000	43.39	30.98	0.00	48
^VIX	2011-09-26	4.106040	2.435440e+4	41.350	30.980	48.000	15.950	30.980	41.350	30.980	41.350	4.320	0.000000	43.40	30.98	0.00	49
^VIX	2011-09-23	4.094780	2.442130e+4	41.350	30.980	48.000	15.950	30.980	41.350	30.980	41.350	2.400	0.000000	43.40	30.98	0.00	50
^VIX	2011-09-22	4.183980	2.390070e+4	39.760	30.980	48.000	15.950	30.980	38.590	30.980	39.760	6.550	0.000000	41.85	30.98	0.00	51
^VIX	2011-09-21	4.059450	2.463390e+4	39.760	30.980	48.000	15.950	30.980	38.590	30.980	39.760	4.870	0.000000	41.79	30.98	0.00	52
^VIX	2011-09-20	4.016790	2.489550e+4	42.440	30.980	48.000	15.870	30.980	38.590	30.980	42.440	1.690	0.000000	44.45	30.98	0.00	53
^VIX	2011-09-19	4.139260	2.415890e+4	43.050	30.980	48.000	15.870	30.980	38.590	30.980	43.050	4.350	0.000000	45.12	30.98	0.00	54
