#Header line 	date 	volatility 	unit 		brkh20 	brkl20 	brkh55 	brkl55 	low10 	high10 	low20 	high20 	truerng	ignore20	add 	sellall	normalizedprice
ARGT	2011-12-01	0.255738	3.910250e+5	11.710	10.470	11.710	9.310	10.470	11.520	10.470	11.710	0.040	0.000000	11.84	10.47	0.00	1
ARGT	2011-11-30	0.267093	3.744020e+5	11.710	10.470	11.710	9.310	10.470	11.520	10.470	11.710	0.600	0.000000	11.84	10.47	0.00	2
ARGT	2011-11-29	0.249571	4.006870e+5	11.710	10.470	11.710	9.310	10.470	11.520	10.470	11.710	0.140	0.000000	11.83	10.47	0.00	3
ARGT	2011-11-28	0.255338	3.916370e+5	11.710	10.470	11.740	9.310	10.470	11.560	10.470	11.710	0.390	0.000000	11.84	10.47	0.00	4
ARGT	2011-11-25	0.248251	4.028190e+5	11.710	10.480	12.190	9.310	10.480	11.560	10.480	11.710	0.070	0.000000	11.83	10.48	0.00	5
ARGT	2011-11-23	0.257632	3.881500e+5	11.710	10.640	12.270	9.310	10.740	11.560	10.640	11.710	0.320	0.000000	11.84	10.64	0.00	6
ARGT	2011-11-22	0.254350	3.931590e+5	11.710	10.640	12.270	9.310	10.740	11.710	10.640	11.710	0.080	0.000000	11.84	10.64	0.00	7
ARGT	2011-11-21	0.263526	3.794690e+5	11.710	10.640	12.500	9.310	11.050	11.710	10.640	11.710	0.440	0.000000	11.84	10.64	0.00	8
ARGT	2011-11-18	0.254238	3.933320e+5	11.710	10.640	12.540	9.310	11.050	11.710	10.640	11.710	0.000	0.000000	11.84	10.64	0.00	9
ARGT	2011-11-17	0.267619	3.736660e+5	11.710	10.410	12.570	9.310	11.190	11.710	10.410	11.710	0.470	0.000000	11.84	10.41	0.00	10
ARGT	2011-11-16	0.256967	3.891540e+5	11.710	10.410	12.630	9.310	10.790	11.710	10.410	11.710	0.000	0.000000	11.84	10.41	0.00	11
ARGT	2011-11-15	0.270492	3.696970e+5	11.710	10.410	12.630	9.310	10.640	11.710	10.410	11.710	0.070	0.000000	11.85	10.41	0.00	12
ARGT	2011-11-14	0.281044	3.558160e+5	11.710	10.410	12.630	9.310	10.640	11.710	10.410	11.710	0.100	0.000000	11.85	10.41	0.00	13
ARGT	2011-11-11	0.290573	3.441480e+5	11.710	10.410	12.630	9.310	10.640	11.710	10.410	11.710	0.370	0.000000	11.86	10.41	0.00	14
ARGT	2011-11-10	0.286392	3.491710e+5	11.710	10.410	12.630	9.310	10.640	11.710	10.410	11.710	0.100	0.000000	11.85	10.41	0.00	15
ARGT	2011-11-09	0.296203	3.376070e+5	11.710	10.410	12.630	9.310	10.640	11.710	10.410	11.710	0.450	0.000000	11.86	10.41	0.00	16
ARGT	2011-11-08	0.288108	3.470920e+5	11.690	9.930	12.630	9.310	10.640	11.690	9.930	11.690	0.230	0.000000	11.83	9.93	0.00	17
ARGT	2011-11-07	0.291166	3.434460e+5	11.690	9.930	12.630	9.310	10.640	11.690	9.930	11.690	0.100	0.000000	11.84	9.93	0.00	18
ARGT	2011-11-04	0.301228	3.319750e+5	11.690	9.930	12.630	9.310	10.640	11.690	9.930	11.690	0.030	0.000000	11.84	9.93	0.00	19
ARGT	2011-11-03	0.315503	3.169540e+5	11.690	9.930	13.010	9.310	10.410	11.690	9.930	11.690	0.720	0.000000	11.85	9.93	0.00	20
ARGT	2011-11-02	0.294214	3.398890e+5	11.690	9.930	13.010	9.310	10.410	11.690	9.930	11.690	0.150	0.000000	11.84	9.93	0.00	21
ARGT	2011-11-01	0.301804	3.313410e+5	11.690	9.310	13.010	9.310	10.410	11.690	9.310	11.690	0.680	0.000000	11.84	9.31	0.00	22
ARGT	2011-10-31	0.281899	3.547370e+5	11.690	9.310	13.010	9.310	10.410	11.690	9.310	11.690	0.600	0.000000	11.83	9.31	0.00	23
ARGT	2011-10-28	0.265156	3.771360e+5	11.690	9.310	13.010	9.310	10.410	11.690	9.310	11.690	0.160	0.000000	11.82	9.31	0.00	24
ARGT	2011-10-27	0.270691	3.694250e+5	11.170	9.310	13.010	9.310	10.410	11.170	9.310	11.170	0.720	0.000000	11.31	9.31	0.00	25
ARGT	2011-10-26	0.247043	4.047880e+5	11.170	9.310	13.010	9.310	10.410	11.170	9.310	11.170	0.100	0.000000	11.29	9.31	0.00	26
ARGT	2011-10-25	0.254782	3.924920e+5	11.170	9.310	13.010	9.310	9.930	11.170	9.310	11.170	0.100	0.000000	11.30	9.31	0.00	27
ARGT	2011-10-24	0.262929	3.803310e+5	11.040	9.310	13.180	9.310	9.930	11.040	9.310	11.040	0.370	0.000000	11.17	9.31	0.00	28
ARGT	2011-10-21	0.257293	3.886610e+5	11.040	9.310	13.480	9.310	9.930	11.040	9.310	11.040	0.410	0.000000	11.17	9.31	0.00	29
ARGT	2011-10-20	0.249256	4.011940e+5	11.040	9.310	14.310	9.310	9.930	11.040	9.310	11.040	0.220	0.000000	11.16	9.31	0.00	30
ARGT	2011-10-19	0.250796	3.987300e+5	11.670	9.310	14.480	9.310	9.930	11.040	9.310	11.670	0.170	0.000000	11.80	9.31	0.00	31
ARGT	2011-10-18	0.255048	3.920820e+5	11.670	9.310	14.480	9.310	9.310	11.040	9.310	11.670	0.090	0.000000	11.80	9.31	0.00	32
ARGT	2011-10-17	0.263735	3.791680e+5	11.700	9.310	14.480	9.310	9.310	11.040	9.310	11.700	0.280	0.000000	11.83	9.31	0.00	33
ARGT	2011-10-14	0.262879	3.804030e+5	11.700	9.310	14.860	9.310	9.310	10.840	9.310	11.700	0.200	0.000000	11.83	9.31	0.00	34
ARGT	2011-10-13	0.266189	3.756740e+5	11.700	9.310	14.860	9.310	9.310	10.840	9.310	11.700	0.000	0.000000	11.83	9.31	0.00	35
ARGT	2011-10-12	0.280198	3.568900e+5	11.700	9.310	15.050	9.310	9.310	10.230	9.310	11.700	0.910	0.000000	11.84	9.31	0.00	36
ARGT	2011-10-11	0.247051	4.047750e+5	11.700	9.310	15.050	9.310	9.310	10.620	9.310	11.700	0.000	0.000000	11.82	9.31	0.00	37
ARGT	2011-10-10	0.260054	3.845360e+5	11.700	9.310	15.050	9.310	9.310	10.620	9.310	11.700	0.000	0.000000	11.83	9.31	0.00	38
ARGT	2011-10-07	0.273741	3.653090e+5	11.740	9.310	15.050	9.310	9.310	10.620	9.310	11.740	0.000	0.000000	11.88	9.31	0.00	39
ARGT	2011-10-06	0.288148	3.470440e+5	12.190	9.310	15.050	9.310	9.310	10.620	9.310	12.190	0.000	0.000000	12.33	9.31	0.00	40
ARGT	2011-10-05	0.303314	3.296920e+5	12.270	9.310	15.050	9.310	9.310	11.670	9.310	12.270	0.620	0.000000	12.42	9.31	0.00	41
ARGT	2011-10-04	0.286646	3.488620e+5	12.270	9.440	15.050	9.440	9.440	11.670	9.440	12.270	0.330	0.000000	12.41	9.44	0.00	42
ARGT	2011-10-03	0.284364	3.516620e+5	12.500	9.920	15.050	9.920	9.920	11.700	9.920	12.500	0.480	0.000000	12.64	9.92	0.00	43
ARGT	2011-09-30	0.274068	3.648730e+5	12.540	9.990	15.050	9.990	9.990	11.700	9.990	12.540	0.270	0.000000	12.68	9.99	0.00	44
ARGT	2011-09-29	0.274282	3.645880e+5	12.570	10.070	15.050	10.070	10.070	11.700	10.070	12.570	0.280	0.000000	12.71	10.07	0.00	45
ARGT	2011-09-28	0.273981	3.649890e+5	12.630	10.070	15.050	10.070	10.070	11.700	10.070	12.630	0.390	0.000000	12.77	10.07	0.00	46
ARGT	2011-09-27	0.267875	3.733090e+5	12.630	10.070	15.050	10.070	10.070	11.700	10.070	12.630	0.360	0.000000	12.76	10.07	0.00	47
ARGT	2011-09-26	0.263026	3.801910e+5	12.630	10.070	15.110	10.070	10.070	11.700	10.070	12.630	0.190	0.000000	12.76	10.07	0.00	48
ARGT	2011-09-23	0.266869	3.747150e+5	12.630	10.170	15.440	10.170	10.170	11.740	10.170	12.630	0.280	0.000000	12.76	10.17	0.00	49
ARGT	2011-09-22	0.266178	3.756880e+5	12.630	11.420	15.440	11.420	11.420	12.190	11.420	12.630	1.590	0.000000	12.76	11.42	0.00	50
ARGT	2011-09-21	0.196503	5.088970e+5	12.630	11.420	15.440	11.420	11.420	12.270	11.420	12.630	0.000	0.000000	12.73	11.42	0.00	51
ARGT	2011-09-20	0.206846	4.834520e+5	12.630	11.420	15.440	11.420	11.420	12.270	11.420	12.630	0.030	0.000000	12.73	11.42	0.00	52
ARGT	2011-09-19	0.216153	4.626340e+5	12.630	11.420	15.440	11.420	11.420	12.500	11.420	12.630	0.000	0.000000	12.74	11.42	0.00	53
