#Header line 	date 	volatility 	unit 		brkh20 	brkl20 	brkh55 	brkl55 	low10 	high10 	low20 	high20 	truerng	ignore20	add 	sellall	normalizedprice
PWF	2011-12-02	0.543584	1.839640e+5	26.470	23.740	27.700	23.740	23.740	25.100	23.740	26.470	0.350	0.000000	26.74	23.74	0.00	1
PWF	2011-12-01	0.553772	1.805800e+5	26.630	23.740	27.700	23.740	23.740	25.250	23.740	26.630	0.380	0.000000	26.91	23.74	0.00	2
PWF	2011-11-30	0.562918	1.776460e+5	26.630	23.740	27.700	23.740	23.740	25.410	23.740	26.630	0.800	0.000000	26.91	23.74	0.00	3
PWF	2011-11-29	0.550440	1.816730e+5	26.630	23.810	27.700	23.810	23.810	25.870	23.810	26.630	0.580	0.000000	26.91	23.81	0.00	4
PWF	2011-11-28	0.548884	1.821880e+5	26.900	23.810	27.700	23.810	23.810	25.870	23.810	26.900	0.640	0.000000	27.17	23.81	0.00	5
PWF	2011-11-25	0.544089	1.837940e+5	27.700	23.810	27.700	23.810	23.810	26.110	23.810	27.700	0.340	0.000000	27.97	23.81	0.00	6
PWF	2011-11-24	0.554830	1.802350e+5	27.700	23.890	27.700	23.890	23.890	26.110	23.890	27.700	0.410	0.000000	27.98	23.89	0.00	7
PWF	2011-11-23	0.562453	1.777930e+5	27.700	24.620	27.700	24.250	24.620	26.110	24.620	27.700	0.740	0.000000	27.98	24.62	0.00	8
PWF	2011-11-22	0.553108	1.807960e+5	27.700	24.860	27.700	24.250	24.860	26.410	24.860	27.700	0.410	0.000000	27.98	24.86	0.00	9
PWF	2011-11-21	0.560640	1.783670e+5	27.700	25.100	27.700	24.250	25.100	26.470	25.100	27.700	0.660	0.000000	27.98	25.10	0.00	10
PWF	2011-11-18	0.555411	1.800470e+5	27.700	25.250	27.700	24.250	25.250	26.470	25.250	27.700	0.400	0.000000	27.98	25.25	0.00	11
PWF	2011-11-17	0.563590	1.774340e+5	27.700	25.410	27.700	24.250	25.410	26.630	25.410	27.700	0.260	0.000000	27.98	25.41	0.00	12
PWF	2011-11-16	0.579569	1.725420e+5	27.700	25.500	27.700	24.250	25.500	26.630	25.500	27.700	0.460	0.000000	27.99	25.50	0.00	13
PWF	2011-11-15	0.585862	1.706890e+5	27.700	25.500	27.700	24.250	25.500	26.630	25.500	27.700	0.480	0.000000	27.99	25.50	0.00	14
PWF	2011-11-14	0.591434	1.690810e+5	27.700	25.500	27.700	24.250	25.500	26.900	25.500	27.700	0.800	0.000000	28.00	25.50	0.00	15
PWF	2011-11-11	0.580456	1.722780e+5	27.700	25.500	27.700	24.250	25.500	27.700	25.500	27.700	0.660	0.000000	27.99	25.50	0.00	16
PWF	2011-11-10	0.576270	1.735300e+5	27.700	25.990	27.700	24.250	25.990	27.700	25.990	27.700	0.560	0.000000	27.99	25.99	0.00	17
PWF	2011-11-09	0.577126	1.732720e+5	27.700	26.270	27.700	24.250	26.330	27.700	26.270	27.700	0.590	0.000000	27.99	26.27	0.00	18
PWF	2011-11-08	0.576449	1.734760e+5	27.700	26.270	27.700	24.250	26.330	27.700	26.270	27.700	0.330	0.000000	27.99	26.27	0.00	19
PWF	2011-11-07	0.589420	1.696580e+5	27.700	26.040	27.700	24.250	26.330	27.700	26.040	27.700	0.470	0.000000	27.99	26.04	0.00	20
PWF	2011-11-04	0.595705	1.678680e+5	27.700	26.040	27.700	24.250	26.350	27.700	26.040	27.700	0.420	0.000000	28.00	26.04	0.00	21
PWF	2011-11-03	0.604952	1.653020e+5	27.700	25.550	27.700	24.250	26.270	27.700	25.550	27.700	0.500	0.000000	28.00	25.55	0.00	22
PWF	2011-11-02	0.610476	1.638070e+5	27.700	24.450	27.700	24.250	26.270	27.700	24.450	27.700	0.610	0.000000	28.01	24.45	0.00	23
PWF	2011-11-01	0.610501	1.638000e+5	27.700	24.450	27.700	24.250	26.270	27.700	24.450	27.700	0.900	0.000000	28.01	24.45	0.00	24
PWF	2011-10-31	0.595265	1.679930e+5	27.700	24.450	27.700	24.250	26.270	27.700	24.450	27.700	0.800	0.000000	28.00	24.45	0.00	25
PWF	2011-10-28	0.584489	1.710900e+5	27.470	24.450	27.550	24.250	26.270	27.470	24.450	27.470	0.440	0.000000	27.76	24.45	0.00	26
PWF	2011-10-27	0.592094	1.688920e+5	27.090	24.450	27.550	24.250	26.270	27.090	24.450	27.090	0.660	0.000000	27.39	24.45	0.00	27
PWF	2011-10-26	0.588520	1.699180e+5	26.960	24.450	27.550	24.250	26.270	26.960	24.450	26.960	0.280	0.000000	27.25	24.45	0.00	28
PWF	2011-10-25	0.604758	1.653560e+5	26.960	24.450	27.550	24.250	26.270	26.960	24.450	26.960	0.680	0.000000	27.26	24.45	0.00	29
PWF	2011-10-24	0.600797	1.664450e+5	26.960	24.250	27.550	24.250	26.040	26.960	24.250	26.960	0.320	0.000000	27.26	24.25	0.00	30
PWF	2011-10-21	0.615576	1.624490e+5	26.960	24.250	27.580	24.250	26.040	26.960	24.250	26.960	0.410	0.000000	27.27	24.25	0.00	31
PWF	2011-10-20	0.626396	1.596430e+5	26.960	24.250	27.580	24.250	25.550	26.960	24.250	26.960	0.480	0.000000	27.27	24.25	0.00	32
PWF	2011-10-19	0.634101	1.577040e+5	26.960	24.250	28.190	24.250	24.450	26.960	24.250	26.960	0.460	0.000000	27.28	24.25	0.00	33
PWF	2011-10-18	0.643264	1.554570e+5	26.960	24.250	28.280	24.250	24.450	26.960	24.250	26.960	0.530	0.000000	27.28	24.25	0.00	34
PWF	2011-10-17	0.649226	1.540300e+5	26.960	24.250	28.280	24.250	24.450	26.960	24.250	26.960	0.560	0.000000	27.28	24.25	0.00	35
PWF	2011-10-14	0.653922	1.529240e+5	26.960	24.250	28.690	24.250	24.450	26.960	24.250	26.960	0.380	0.000000	27.29	24.25	0.00	36
PWF	2011-10-13	0.668339	1.496250e+5	26.960	24.250	28.900	24.250	24.450	26.960	24.250	26.960	0.390	0.000000	27.29	24.25	0.00	37
PWF	2011-10-12	0.682988	1.464150e+5	26.760	24.250	28.900	24.250	24.450	26.760	24.250	26.760	0.380	0.000000	27.10	24.25	0.00	38
PWF	2011-10-11	0.698935	1.430750e+5	26.330	24.250	29.100	24.250	24.450	26.330	24.250	26.330	0.800	0.000000	26.68	24.25	0.00	39
PWF	2011-10-07	0.693616	1.441720e+5	26.330	24.250	29.100	24.250	24.250	26.330	24.250	26.330	0.410	0.000000	26.68	24.25	0.00	40
PWF	2011-10-06	0.708543	1.411350e+5	25.970	24.250	29.100	24.250	24.250	25.660	24.250	25.970	0.860	0.000000	26.32	24.25	0.00	41
PWF	2011-10-05	0.700571	1.427410e+5	26.280	24.250	29.100	24.250	24.250	25.660	24.250	26.280	1.230	0.000000	26.63	24.25	0.00	42
PWF	2011-10-04	0.672707	1.486530e+5	26.280	24.250	29.100	24.250	24.250	25.660	24.250	26.280	1.160	0.000000	26.62	24.25	0.00	43
PWF	2011-10-03	0.647060	1.545450e+5	26.280	24.250	29.100	24.250	24.250	25.660	24.250	26.280	0.990	0.000000	26.60	24.25	0.00	44
PWF	2011-09-30	0.629010	1.589800e+5	26.450	24.250	29.180	24.250	24.250	25.530	24.250	26.450	0.320	0.000000	26.76	24.25	0.00	45
PWF	2011-09-29	0.645274	1.549730e+5	26.820	24.250	29.180	24.250	24.250	25.740	24.250	26.820	0.760	0.000000	27.14	24.25	0.00	46
PWF	2011-09-28	0.639235	1.564370e+5	26.820	24.250	29.180	24.250	24.250	25.740	24.250	26.820	0.680	0.000000	27.14	24.25	0.00	47
PWF	2011-09-27	0.637090	1.569640e+5	26.820	24.250	29.620	24.250	24.250	25.740	24.250	26.820	0.750	0.000000	27.14	24.25	0.00	48
PWF	2011-09-26	0.631147	1.584420e+5	26.820	24.250	29.620	24.250	24.250	25.740	24.250	26.820	0.790	0.000000	27.14	24.25	0.00	49
PWF	2011-09-23	0.622787	1.605690e+5	26.820	24.420	29.830	24.420	24.420	25.740	24.420	26.820	0.440	0.000000	27.13	24.42	0.00	50
PWF	2011-09-22	0.632407	1.581260e+5	26.820	24.970	29.830	24.970	24.970	25.970	24.970	26.820	0.900	0.000000	27.14	24.97	0.00	51
PWF	2011-09-21	0.618323	1.617280e+5	26.820	25.140	29.920	25.140	25.140	26.280	25.140	26.820	0.640	0.000000	27.13	25.14	0.00	52
PWF	2011-09-20	0.617182	1.620270e+5	26.820	25.140	29.920	25.140	25.140	26.280	25.140	26.820	0.410	0.000000	27.13	25.14	0.00	53
PWF	2011-09-19	0.628087	1.592140e+5	26.820	25.140	29.920	25.140	25.140	26.280	25.140	26.820	0.440	0.000000	27.13	25.14	0.00	54
