#Header line 	date 	volatility 	unit 		brkh20 	brkl20 	brkh55 	brkl55 	low10 	high10 	low20 	high20 	truerng	ignore20	add 	sellall	normalizedprice
EWZ	2011-12-01	1.981820	5.045870e+4	63.240	54.300	64.510	50.890	54.300	60.430	54.300	63.240	1.640	0.000000	64.23	54.30	0.00	1
EWZ	2011-11-30	1.999810	5.000480e+4	63.240	54.300	64.510	50.890	54.300	61.350	54.300	63.240	3.570	0.000000	64.24	54.30	0.00	2
EWZ	2011-11-29	1.917170	5.216030e+4	63.240	54.300	64.510	50.890	54.300	61.350	54.300	63.240	1.450	0.000000	64.20	54.30	0.00	3
EWZ	2011-11-28	1.941760	5.149980e+4	64.510	54.300	64.510	50.890	54.300	61.760	54.300	64.510	2.220	0.000000	65.48	54.30	0.00	4
EWZ	2011-11-25	1.927110	5.189110e+4	64.510	54.990	64.510	50.890	54.990	61.760	54.990	64.510	1.170	0.000000	65.47	54.99	0.00	5
EWZ	2011-11-23	1.966960	5.083990e+4	64.510	57.150	64.510	50.890	57.150	61.760	57.150	64.510	2.450	0.000000	65.49	57.15	0.00	6
EWZ	2011-11-22	1.941540	5.150560e+4	64.510	57.780	64.510	50.890	57.780	63.240	57.780	64.510	1.490	0.000000	65.48	57.78	0.00	7
EWZ	2011-11-21	1.965300	5.088280e+4	64.510	58.670	64.510	50.890	59.050	63.240	58.670	64.510	2.390	0.000000	65.49	58.67	0.00	8
EWZ	2011-11-18	1.942950	5.146820e+4	64.510	57.550	65.910	50.890	59.190	63.240	57.550	64.510	1.120	0.000000	65.48	57.55	0.00	9
EWZ	2011-11-17	1.986260	5.034580e+4	64.510	56.290	65.910	50.890	59.990	63.240	56.290	64.510	2.320	0.000000	65.50	56.29	0.00	10
EWZ	2011-11-16	1.968700	5.079500e+4	64.510	56.290	65.910	50.890	59.990	63.240	56.290	64.510	1.330	0.000000	65.49	56.29	0.00	11
EWZ	2011-11-15	2.002310	4.994230e+4	64.510	56.290	65.910	50.890	59.990	63.240	56.290	64.510	1.430	0.000000	65.51	56.29	0.00	12
EWZ	2011-11-14	2.032430	4.920210e+4	64.510	56.290	65.910	50.890	59.990	63.240	56.290	64.510	1.160	0.000000	65.53	56.29	0.00	13
EWZ	2011-11-11	2.078350	4.811510e+4	64.510	56.290	65.910	50.890	59.990	64.510	56.290	64.510	1.830	0.000000	65.55	56.29	0.00	14
EWZ	2011-11-10	2.091420	4.781430e+4	64.510	56.290	65.910	50.890	59.990	64.510	56.290	64.510	1.580	0.000000	65.56	56.29	0.00	15
EWZ	2011-11-09	2.118340	4.720680e+4	64.510	56.290	65.910	50.890	59.640	64.510	56.290	64.510	3.600	0.000000	65.57	56.29	0.00	16
EWZ	2011-11-08	2.040360	4.901100e+4	64.510	56.290	65.910	50.890	58.670	64.510	56.290	64.510	1.290	0.000000	65.53	56.29	0.00	17
EWZ	2011-11-07	2.079850	4.808040e+4	64.510	56.150	65.910	50.890	58.670	64.510	56.150	64.510	0.850	0.000000	65.55	56.15	0.00	18
EWZ	2011-11-04	2.144580	4.662920e+4	64.510	54.040	65.910	50.890	57.550	64.510	54.040	64.510	1.510	0.000000	65.58	54.04	0.00	19
EWZ	2011-11-03	2.177980	4.591420e+4	64.510	54.040	65.910	50.890	56.290	64.510	54.040	64.510	1.080	0.000000	65.60	54.04	0.00	20
EWZ	2011-11-02	2.235770	4.472740e+4	64.510	52.190	65.910	50.890	56.290	64.510	52.190	64.510	1.820	0.000000	65.63	52.19	0.00	21
EWZ	2011-11-01	2.257650	4.429390e+4	64.510	50.970	65.910	50.890	56.290	64.510	50.970	64.510	3.490	0.000000	65.64	50.97	0.00	22
EWZ	2011-10-31	2.192790	4.560410e+4	64.510	50.890	65.910	50.890	56.290	64.510	50.890	64.510	2.180	0.000000	65.61	50.89	0.00	23
EWZ	2011-10-28	2.193460	4.559010e+4	63.140	50.890	65.910	50.890	56.290	63.140	50.890	63.140	1.910	0.000000	64.24	50.89	0.00	24
EWZ	2011-10-27	2.208380	4.528210e+4	59.860	50.890	65.910	50.890	56.290	59.860	50.890	59.860	4.490	0.000000	60.96	50.89	0.00	25
EWZ	2011-10-26	2.088290	4.788600e+4	59.860	50.890	65.910	50.890	56.290	59.860	50.890	59.860	1.580	0.000000	60.90	50.89	0.00	26
EWZ	2011-10-25	2.115050	4.728030e+4	59.860	50.890	65.910	50.890	56.290	59.860	50.890	59.860	1.810	0.000000	60.92	50.89	0.00	27
EWZ	2011-10-24	2.131100	4.692410e+4	58.790	50.890	65.910	50.890	56.150	58.790	50.890	58.790	2.520	0.000000	59.86	50.89	0.00	28
EWZ	2011-10-21	2.110630	4.737910e+4	58.790	50.890	65.910	50.890	54.040	58.790	50.890	58.790	1.660	0.000000	59.85	50.89	0.00	29
EWZ	2011-10-20	2.134350	4.685270e+4	58.790	50.890	66.960	50.890	54.040	58.790	50.890	58.790	2.420	0.000000	59.86	50.89	0.00	30
EWZ	2011-10-19	2.119320	4.718500e+4	58.790	50.890	68.120	50.890	52.190	58.790	50.890	58.790	1.270	0.000000	59.85	50.89	0.00	31
EWZ	2011-10-18	2.164020	4.621030e+4	58.790	50.890	70.100	50.890	50.970	58.790	50.890	58.790	2.660	0.000000	59.87	50.89	0.00	32
EWZ	2011-10-17	2.137910	4.677460e+4	59.440	50.890	70.570	50.890	50.890	58.790	50.890	59.440	2.330	0.000000	60.51	50.89	0.00	33
EWZ	2011-10-14	2.127800	4.699680e+4	60.950	50.890	70.570	50.890	50.890	58.320	50.890	60.950	1.270	0.000000	62.01	50.89	0.00	34
EWZ	2011-10-13	2.172950	4.602040e+4	60.950	50.890	70.570	50.890	50.890	58.320	50.890	60.950	1.710	0.000000	62.04	50.89	0.00	35
EWZ	2011-10-12	2.197320	4.551000e+4	60.950	50.890	71.750	50.890	50.890	56.720	50.890	60.950	2.710	0.000000	62.05	50.89	0.00	36
EWZ	2011-10-11	2.170330	4.607590e+4	60.950	50.890	71.750	50.890	50.890	56.150	50.890	60.950	1.810	0.000000	62.04	50.89	0.00	37
EWZ	2011-10-10	2.189300	4.567670e+4	60.950	50.890	71.750	50.890	50.890	55.600	50.890	60.950	2.530	0.000000	62.04	50.89	0.00	38
EWZ	2011-10-07	2.171370	4.605390e+4	60.970	50.890	71.750	50.890	50.890	55.600	50.890	60.970	2.490	0.000000	62.06	50.89	0.00	39
EWZ	2011-10-06	2.154600	4.641240e+4	63.720	50.890	71.750	50.890	50.890	55.600	50.890	63.720	2.780	0.000000	64.80	50.89	0.00	40
EWZ	2011-10-05	2.121680	4.713240e+4	64.510	50.890	71.750	50.890	50.890	56.200	50.890	64.510	1.580	0.000000	65.57	50.89	0.00	41
EWZ	2011-10-04	2.150190	4.650750e+4	64.510	50.890	71.750	50.890	50.890	58.770	50.890	64.510	1.870	0.000000	65.59	50.89	0.00	42
EWZ	2011-10-03	2.164940	4.619070e+4	64.510	52.010	71.750	52.010	52.010	59.440	52.010	64.510	1.640	0.000000	65.59	52.01	0.00	43
EWZ	2011-09-30	2.192570	4.560870e+4	65.910	52.390	71.750	52.390	52.390	60.950	52.390	65.910	2.330	0.000000	67.01	52.39	0.00	44
EWZ	2011-09-29	2.185330	4.575960e+4	65.910	52.390	71.750	52.390	52.390	60.950	52.390	65.910	2.270	0.000000	67.00	52.39	0.00	45
EWZ	2011-09-28	2.180880	4.585310e+4	65.910	52.390	71.750	52.390	52.390	60.950	52.390	65.910	2.220	0.000000	67.00	52.39	0.00	46
EWZ	2011-09-27	2.178820	4.589650e+4	65.910	52.390	71.750	52.390	52.390	60.950	52.390	65.910	2.270	0.000000	67.00	52.39	0.00	47
EWZ	2011-09-26	2.174020	4.599780e+4	65.910	52.390	72.150	52.390	52.390	60.950	52.390	65.910	2.660	0.000000	67.00	52.39	0.00	48
EWZ	2011-09-23	2.148440	4.654540e+4	65.910	52.390	73.500	52.390	52.390	60.970	52.390	65.910	1.500	0.000000	66.98	52.39	0.00	49
EWZ	2011-09-22	2.182570	4.581760e+4	65.910	56.200	73.500	56.200	56.200	63.720	56.200	65.910	4.550	0.000000	67.00	56.20	0.00	50
EWZ	2011-09-21	2.057970	4.859170e+4	65.910	58.770	73.890	57.000	58.770	64.510	58.770	65.910	2.700	0.000000	66.94	58.77	0.00	51
EWZ	2011-09-20	2.024170	4.940280e+4	65.910	59.440	74.160	57.000	59.440	64.510	59.440	65.910	1.400	0.000000	66.92	59.44	0.00	52
EWZ	2011-09-19	2.057030	4.861390e+4	65.910	59.860	74.160	57.000	59.860	64.510	59.860	65.910	2.900	0.000000	66.94	59.86	0.00	53
