#Header line 	date 	volatility 	unit 		brkh20 	brkl20 	brkh55 	brkl55 	low10 	high10 	low20 	high20 	truerng	ignore20	add 	sellall	normalizedprice
POT	2011-12-02	1.700260	5.881440e+4	49.140	40.670	57.140	40.670	40.670	43.510	40.670	49.140	2.240	0.000000	49.99	40.67	0.00	1
POT	2011-12-01	1.671860	5.981380e+4	49.140	40.670	57.370	40.670	40.670	45.020	40.670	49.140	1.160	0.000000	49.98	40.67	0.00	2
POT	2011-11-30	1.698800	5.886520e+4	49.140	40.670	57.370	40.670	40.670	45.790	40.670	49.140	1.990	0.000000	49.99	40.67	0.00	3
POT	2011-11-29	1.683470	5.940120e+4	49.140	40.670	57.370	40.670	40.670	46.230	40.670	49.140	0.750	0.000000	49.98	40.67	0.00	4
POT	2011-11-28	1.732600	5.771680e+4	49.970	40.670	57.460	40.670	40.670	46.860	40.670	49.970	2.030	0.000000	50.84	40.67	0.00	5
POT	2011-11-25	1.716950	5.824290e+4	50.920	41.650	58.670	41.650	41.650	46.860	41.650	50.920	1.110	0.000000	51.78	41.65	0.00	6
POT	2011-11-23	1.748890	5.717910e+4	50.920	42.220	59.530	41.760	42.220	46.860	42.220	50.920	0.950	0.000000	51.79	42.22	0.00	7
POT	2011-11-22	1.790940	5.583670e+4	50.920	42.400	59.530	41.760	42.400	49.140	42.400	50.920	1.110	0.000000	51.82	42.40	0.00	8
POT	2011-11-21	1.826780	5.474120e+4	50.920	42.770	59.530	41.760	42.770	49.140	42.770	50.920	1.360	0.000000	51.83	42.77	0.00	9
POT	2011-11-18	1.851340	5.401480e+4	50.920	42.770	59.530	41.760	42.770	49.140	42.770	50.920	1.480	0.000000	51.85	42.77	0.00	10
POT	2011-11-17	1.870890	5.345060e+4	50.920	45.020	59.530	41.760	45.020	49.140	45.020	50.920	2.980	0.000000	51.86	45.02	0.00	11
POT	2011-11-16	1.812510	5.517200e+4	50.920	45.670	59.530	41.760	45.790	49.140	45.670	50.920	0.970	0.000000	51.83	45.67	0.00	12
POT	2011-11-15	1.856860	5.385450e+4	50.920	45.670	59.530	41.760	45.670	49.140	45.670	50.920	0.850	0.000000	51.85	45.67	0.00	13
POT	2011-11-14	1.909850	5.236020e+4	50.920	45.670	59.530	41.760	45.670	49.140	45.670	50.920	1.190	0.000000	51.87	45.67	0.00	14
POT	2011-11-11	1.947740	5.134170e+4	50.920	45.670	59.530	41.760	45.670	49.970	45.670	50.920	0.950	0.000000	51.89	45.67	0.00	15
POT	2011-11-10	2.000250	4.999380e+4	50.920	45.670	59.530	41.760	45.670	50.920	45.670	50.920	2.120	0.000000	51.92	45.67	0.00	16
POT	2011-11-09	1.993950	5.015180e+4	50.920	45.670	59.530	41.760	45.670	50.920	45.670	50.920	2.510	0.000000	51.92	45.67	0.00	17
POT	2011-11-08	1.966780	5.084440e+4	50.920	45.670	59.530	41.760	45.670	50.920	45.670	50.920	0.960	0.000000	51.90	45.67	0.00	18
POT	2011-11-07	2.019770	4.951050e+4	50.920	45.670	59.530	41.760	45.670	50.920	45.670	50.920	0.940	0.000000	51.93	45.67	0.00	19
POT	2011-11-04	2.076600	4.815560e+4	50.920	44.720	59.530	41.760	45.670	50.920	44.720	50.920	1.330	0.000000	51.96	44.72	0.00	20
POT	2011-11-03	2.115900	4.726120e+4	50.920	44.720	59.530	41.760	45.670	50.920	44.720	50.920	1.890	0.000000	51.98	44.72	0.00	21
POT	2011-11-02	2.127790	4.699720e+4	50.920	44.720	59.530	41.760	45.670	50.920	44.720	50.920	1.770	0.000000	51.98	44.72	0.00	22
POT	2011-11-01	2.146620	4.658490e+4	50.920	42.340	59.530	41.760	47.330	50.920	42.340	50.920	2.770	0.000000	51.99	42.34	0.00	23
POT	2011-10-31	2.113810	4.730800e+4	50.920	41.760	59.530	41.760	47.840	50.920	41.760	50.920	2.670	0.000000	51.98	41.76	0.00	24
POT	2011-10-28	2.084540	4.797230e+4	50.920	41.760	59.530	41.760	47.840	50.920	41.760	50.920	1.730	0.000000	51.96	41.76	0.00	25
POT	2011-10-27	2.103200	4.754670e+4	50.700	41.760	59.530	41.760	47.840	50.700	41.760	50.700	2.570	0.000000	51.75	41.76	0.00	26
POT	2011-10-26	2.078630	4.810870e+4	50.700	41.760	59.530	41.760	47.840	50.700	41.760	50.700	2.050	0.000000	51.74	41.76	0.00	27
POT	2011-10-25	2.080130	4.807380e+4	50.700	41.760	59.530	41.760	47.840	50.700	41.760	50.700	1.870	0.000000	51.74	41.76	0.00	28
POT	2011-10-24	2.091190	4.781960e+4	50.700	41.760	59.530	41.760	46.760	50.700	41.760	50.700	1.030	0.000000	51.75	41.76	0.00	29
POT	2011-10-21	2.147050	4.657560e+4	50.700	41.760	59.530	41.760	44.720	50.700	41.760	50.700	1.190	0.000000	51.77	41.76	0.00	30
POT	2011-10-20	2.197420	4.550800e+4	50.700	41.760	59.530	41.760	44.720	50.700	41.760	50.700	1.570	0.000000	51.80	41.76	0.00	31
POT	2011-10-19	2.230440	4.483420e+4	50.700	41.760	59.530	41.760	44.720	50.700	41.760	50.700	2.120	0.000000	51.82	41.76	0.00	32
POT	2011-10-18	2.236250	4.471770e+4	52.050	41.760	59.530	41.760	42.340	50.700	41.760	52.050	1.910	0.000000	53.17	41.76	0.00	33
POT	2011-10-17	2.253420	4.437690e+4	54.020	41.760	59.530	41.760	41.760	50.700	41.760	54.020	2.170	0.000000	55.15	41.76	0.00	34
POT	2011-10-14	2.257810	4.429060e+4	56.080	41.760	59.530	41.760	41.760	49.260	41.760	56.080	1.530	0.000000	57.21	41.76	0.00	35
POT	2011-10-13	2.296120	4.355170e+4	57.140	41.760	59.530	41.760	41.760	49.260	41.760	57.140	1.380	0.000000	58.29	41.76	0.00	36
POT	2011-10-12	2.344340	4.265600e+4	57.370	41.760	61.110	41.760	41.760	48.040	41.760	57.370	2.350	0.000000	58.54	41.76	0.00	37
POT	2011-10-11	2.344040	4.266140e+4	57.370	41.760	61.820	41.760	41.760	48.430	41.760	57.370	2.080	0.000000	58.54	41.76	0.00	38
POT	2011-10-10	2.357930	4.241000e+4	57.370	41.760	61.820	41.760	41.760	48.430	41.760	57.370	2.770	0.000000	58.55	41.76	0.00	39
POT	2011-10-07	2.336250	4.280370e+4	57.460	41.760	61.820	41.760	41.760	48.430	41.760	57.460	2.530	0.000000	58.63	41.76	0.00	40
POT	2011-10-06	2.326050	4.299130e+4	58.670	41.760	61.820	41.760	41.760	48.430	41.760	58.670	2.240	0.000000	59.83	41.76	0.00	41
POT	2011-10-05	2.330580	4.290780e+4	59.530	41.760	61.820	41.760	41.760	50.140	41.760	59.530	3.080	0.000000	60.70	41.76	0.00	42
POT	2011-10-04	2.291140	4.364650e+4	59.530	41.760	61.820	41.760	41.760	52.050	41.760	59.530	2.900	0.000000	60.68	41.76	0.00	43
POT	2011-10-03	2.259090	4.426560e+4	59.530	43.220	61.820	43.220	43.220	54.020	43.220	59.530	1.860	0.000000	60.66	43.22	0.00	44
POT	2011-09-30	2.280090	4.385780e+4	59.530	45.400	61.820	45.400	45.400	56.080	45.400	59.530	2.400	0.000000	60.67	45.40	0.00	45
POT	2011-09-29	2.273780	4.397960e+4	59.530	45.450	61.820	45.450	45.450	57.140	45.450	59.530	2.100	0.000000	60.67	45.45	0.00	46
POT	2011-09-28	2.282930	4.380340e+4	59.530	45.890	61.820	45.890	45.890	57.370	45.890	59.530	3.480	0.000000	60.67	45.89	0.00	47
POT	2011-09-27	2.219930	4.504650e+4	59.530	45.890	61.820	45.890	45.890	57.370	45.890	59.530	3.080	0.000000	60.64	45.89	0.00	48
POT	2011-09-26	2.174660	4.598420e+4	59.530	45.890	61.820	45.890	45.890	57.370	45.890	59.530	2.860	0.000000	60.62	45.89	0.00	49
POT	2011-09-23	2.138590	4.675980e+4	59.530	46.900	61.820	46.900	46.900	57.460	46.900	59.530	1.690	0.000000	60.60	46.90	0.00	50
POT	2011-09-22	2.162200	4.624920e+4	59.530	50.140	61.820	49.310	50.140	58.670	50.140	59.530	3.790	0.000000	60.61	50.14	0.00	51
POT	2011-09-21	2.076520	4.815740e+4	59.530	52.050	61.820	49.310	52.050	59.530	52.050	59.530	2.500	0.000000	60.57	52.05	0.00	52
POT	2011-09-20	2.054240	4.867990e+4	59.530	51.210	61.820	49.310	54.020	59.530	51.210	59.530	2.200	0.000000	60.56	51.21	0.00	53
POT	2011-09-19	2.046570	4.886240e+4	59.530	50.650	61.820	49.310	56.080	59.530	50.650	59.530	2.810	0.000000	60.55	50.65	0.00	54
