#Header line 	date 	volatility 	unit 		brkh20 	brkl20 	brkh55 	brkl55 	low10 	high10 	low20 	high20 	truerng	ignore20	add 	sellall	normalizedprice
XIU	2011-12-02	0.319843	3.126530e+5	17.850	16.360	17.910	16.100	16.360	17.450	16.360	17.850	0.280	0.000000	18.01	16.36	0.00	1
XIU	2011-12-01	0.321940	3.106170e+5	17.850	16.360	17.910	16.100	16.360	17.450	16.360	17.850	0.200	0.000000	18.01	16.36	0.00	2
XIU	2011-11-30	0.328358	3.045460e+5	17.850	16.360	17.910	16.100	16.360	17.400	16.360	17.850	0.690	0.000000	18.01	16.36	0.00	3
XIU	2011-11-29	0.309324	3.232850e+5	17.850	16.360	17.910	16.100	16.360	17.460	16.360	17.850	0.200	0.000000	18.00	16.36	0.00	4
XIU	2011-11-28	0.315078	3.173820e+5	17.850	16.360	17.910	16.100	16.360	17.490	16.360	17.850	0.420	0.000000	18.01	16.36	0.00	5
XIU	2011-11-25	0.309556	3.230440e+5	17.910	16.410	18.180	16.100	16.410	17.560	16.410	17.910	0.190	0.000000	18.06	16.41	0.00	6
XIU	2011-11-24	0.315848	3.166080e+5	17.910	16.560	18.280	16.100	16.560	17.560	16.560	17.910	0.230	0.000000	18.07	16.56	0.00	7
XIU	2011-11-23	0.320367	3.121420e+5	17.910	16.860	18.280	16.100	16.860	17.560	16.860	17.910	0.370	0.000000	18.07	16.86	0.00	8
XIU	2011-11-22	0.317754	3.147090e+5	17.910	16.860	18.280	16.100	16.860	17.850	16.860	17.910	0.170	0.000000	18.07	16.86	0.00	9
XIU	2011-11-21	0.325531	3.071910e+5	17.910	17.010	18.280	16.100	17.010	17.850	17.010	17.910	0.370	0.000000	18.07	17.01	0.00	10
XIU	2011-11-18	0.323190	3.094150e+5	17.910	17.030	18.290	16.100	17.030	17.850	17.030	17.910	0.200	0.000000	18.07	17.03	0.00	11
XIU	2011-11-17	0.329674	3.033300e+5	17.910	16.950	18.290	16.100	17.300	17.850	16.950	17.910	0.440	0.000000	18.07	16.95	0.00	12
XIU	2011-11-16	0.323867	3.087680e+5	17.910	16.950	18.290	16.100	17.300	17.850	16.950	17.910	0.250	0.000000	18.07	16.95	0.00	13
XIU	2011-11-15	0.327755	3.051060e+5	17.910	16.950	18.290	16.100	17.280	17.850	16.950	17.910	0.160	0.000000	18.07	16.95	0.00	14
XIU	2011-11-14	0.336584	2.971020e+5	17.910	16.950	18.290	16.100	17.280	17.850	16.950	17.910	0.300	0.000000	18.08	16.95	0.00	15
XIU	2011-11-11	0.338510	2.954120e+5	17.910	16.950	18.290	16.100	17.280	17.910	16.950	17.910	0.330	0.000000	18.08	16.95	0.00	16
XIU	2011-11-10	0.338958	2.950220e+5	17.910	16.950	18.290	16.100	17.280	17.910	16.950	17.910	0.360	0.000000	18.08	16.95	0.00	17
XIU	2011-11-09	0.337850	2.959890e+5	17.910	16.950	18.290	16.100	17.280	17.910	16.950	17.910	0.500	0.000000	18.08	16.95	0.00	18
XIU	2011-11-08	0.329316	3.036600e+5	17.910	16.950	18.290	16.100	17.280	17.910	16.950	17.910	0.150	0.000000	18.07	16.95	0.00	19
XIU	2011-11-07	0.338754	2.952000e+5	17.910	16.710	18.290	16.100	17.280	17.910	16.710	17.910	0.120	0.000000	18.08	16.71	0.00	20
XIU	2011-11-04	0.350267	2.854960e+5	17.910	16.710	18.290	16.100	17.160	17.910	16.710	17.910	0.250	0.000000	18.09	16.71	0.00	21
XIU	2011-11-03	0.355544	2.812590e+5	17.910	16.560	18.290	16.100	16.950	17.910	16.560	17.910	0.400	0.000000	18.09	16.56	0.00	22
XIU	2011-11-02	0.353205	2.831220e+5	17.910	16.100	18.290	16.100	16.950	17.910	16.100	17.910	0.330	0.000000	18.09	16.10	0.00	23
XIU	2011-11-01	0.354426	2.821460e+5	17.910	16.100	18.290	16.100	16.950	17.910	16.100	17.910	0.470	0.000000	18.09	16.10	0.00	24
XIU	2011-10-31	0.348343	2.870730e+5	17.910	16.100	18.290	16.100	16.950	17.910	16.100	17.910	0.380	0.000000	18.08	16.10	0.00	25
XIU	2011-10-28	0.346677	2.884530e+5	17.890	16.100	18.290	16.100	16.950	17.890	16.100	17.890	0.160	0.000000	18.06	16.10	0.00	26
XIU	2011-10-27	0.356502	2.805030e+5	17.430	16.100	18.290	16.100	16.950	17.430	16.100	17.430	0.530	0.000000	17.61	16.10	0.00	27
XIU	2011-10-26	0.347371	2.878770e+5	17.420	16.100	18.290	16.100	16.950	17.420	16.100	17.420	0.230	0.000000	17.59	16.10	0.00	28
XIU	2011-10-25	0.353548	2.828470e+5	17.420	16.100	18.290	16.100	16.950	17.420	16.100	17.420	0.310	0.000000	17.60	16.10	0.00	29
XIU	2011-10-24	0.355840	2.810250e+5	17.320	16.100	18.290	16.100	16.710	17.320	16.100	17.320	0.260	0.000000	17.50	16.10	0.00	30
XIU	2011-10-21	0.360884	2.770970e+5	17.320	16.100	18.290	16.100	16.710	17.320	16.100	17.320	0.220	0.000000	17.50	16.10	0.00	31
XIU	2011-10-20	0.368299	2.715180e+5	17.320	16.100	18.290	16.100	16.560	17.320	16.100	17.320	0.300	0.000000	17.50	16.10	0.00	32
XIU	2011-10-19	0.371894	2.688940e+5	17.470	16.100	18.410	16.100	16.100	17.320	16.100	17.470	0.310	0.000000	17.66	16.10	0.00	33
XIU	2011-10-18	0.375151	2.665590e+5	17.470	16.100	18.560	16.100	16.100	17.320	16.100	17.470	0.420	0.000000	17.66	16.10	0.00	34
XIU	2011-10-17	0.372791	2.682470e+5	17.580	16.100	18.570	16.100	16.100	17.320	16.100	17.580	0.270	0.000000	17.77	16.10	0.00	35
XIU	2011-10-14	0.378201	2.644100e+5	17.830	16.100	18.960	16.100	16.100	17.270	16.100	17.830	0.290	0.000000	18.02	16.10	0.00	36
XIU	2011-10-13	0.382843	2.612040e+5	17.830	16.100	19.210	16.100	16.100	17.270	16.100	17.830	0.300	0.000000	18.02	16.10	0.00	37
XIU	2011-10-12	0.387203	2.582620e+5	17.830	16.100	19.310	16.100	16.100	17.090	16.100	17.830	0.290	0.000000	18.02	16.10	0.00	38
XIU	2011-10-11	0.392319	2.548940e+5	17.830	16.100	19.310	16.100	16.100	17.000	16.100	17.830	0.400	0.000000	18.03	16.10	0.00	39
XIU	2011-10-07	0.391915	2.551570e+5	17.830	16.100	19.310	16.100	16.100	17.000	16.100	17.830	0.390	0.000000	18.03	16.10	0.00	40
XIU	2011-10-06	0.392016	2.550920e+5	18.180	16.100	19.310	16.100	16.100	16.930	16.100	18.180	0.450	0.000000	18.38	16.10	0.00	41
XIU	2011-10-05	0.388964	2.570930e+5	18.280	16.100	19.310	16.100	16.100	17.060	16.100	18.280	0.600	0.000000	18.47	16.10	0.00	42
XIU	2011-10-04	0.377857	2.646500e+5	18.280	16.150	19.310	16.150	16.150	17.470	16.150	18.280	0.540	0.000000	18.47	16.15	0.00	43
XIU	2011-10-03	0.369323	2.707660e+5	18.280	16.400	19.310	16.400	16.400	17.470	16.400	18.280	0.510	0.000000	18.46	16.40	0.00	44
XIU	2011-09-30	0.361919	2.763050e+5	18.280	16.400	19.310	16.400	16.400	17.580	16.400	18.280	0.230	0.000000	18.46	16.40	0.00	45
XIU	2011-09-29	0.368862	2.711040e+5	18.290	16.400	19.310	16.400	16.400	17.830	16.400	18.290	0.280	0.000000	18.47	16.40	0.00	46
XIU	2011-09-28	0.373539	2.677100e+5	18.290	16.400	19.310	16.400	16.400	17.830	16.400	18.290	0.440	0.000000	18.48	16.40	0.00	47
XIU	2011-09-27	0.370041	2.702400e+5	18.290	16.400	19.310	16.400	16.400	17.830	16.400	18.290	0.580	0.000000	18.48	16.40	0.00	48
XIU	2011-09-26	0.358991	2.785590e+5	18.290	16.400	19.310	16.400	16.400	17.830	16.400	18.290	0.640	0.000000	18.47	16.40	0.00	49
XIU	2011-09-23	0.344201	2.905280e+5	18.290	16.530	19.310	16.530	16.530	17.830	16.530	18.290	0.380	0.000000	18.46	16.53	0.00	50
XIU	2011-09-22	0.342316	2.921270e+5	18.290	17.060	19.310	16.670	17.060	18.180	17.060	18.290	0.730	0.000000	18.46	17.06	0.00	51
XIU	2011-09-21	0.321912	3.106440e+5	18.290	17.430	19.310	16.670	17.430	18.280	17.430	18.290	0.440	0.000000	18.45	17.43	0.00	52
XIU	2011-09-20	0.315697	3.167600e+5	18.290	17.250	19.310	16.670	17.430	18.280	17.250	18.290	0.290	0.000000	18.45	17.25	0.00	53
XIU	2011-09-19	0.317049	3.154080e+5	18.290	17.140	19.310	16.670	17.430	18.280	17.140	18.290	0.240	0.000000	18.45	17.14	0.00	54
