#Header line 	date 	volatility 	unit 		brkh20 	brkl20 	brkh55 	brkl55 	low10 	high10 	low20 	high20 	truerng	ignore20	add 	sellall	normalizedprice
FRZNF	2011-12-01	0.000065	1.529290e+9	27.220	27.220	27.220	27.220	27.220	27.220	27.220	27.220	0.000	0.000000	27.22	27.22	0.00	1
FRZNF	2011-11-30	0.000069	1.452820e+9	27.220	27.220	27.220	27.220	27.220	27.220	27.220	27.220	0.000	0.000000	27.22	27.22	0.00	2
FRZNF	2011-11-29	0.000072	1.380180e+9	27.220	27.220	27.220	27.220	27.220	27.220	27.220	27.220	0.000	0.000000	27.22	27.22	0.00	3
FRZNF	2011-11-28	0.000076	1.311170e+9	27.220	27.220	27.220	27.220	27.220	27.220	27.220	27.220	0.000	0.000000	27.22	27.22	0.00	4
FRZNF	2011-11-25	0.000080	1.245610e+9	27.220	27.220	27.220	27.220	27.220	27.220	27.220	27.220	0.000	0.000000	27.22	27.22	0.00	5
FRZNF	2011-11-23	0.000085	1.183330e+9	27.220	27.220	27.220	27.220	27.220	27.220	27.220	27.220	0.000	0.000000	27.22	27.22	0.00	6
FRZNF	2011-11-22	0.000089	1.124170e+9	27.220	27.220	27.220	27.220	27.220	27.220	27.220	27.220	0.000	0.000000	27.22	27.22	0.00	7
FRZNF	2011-11-21	0.000094	1.067960e+9	27.220	27.220	27.220	27.220	27.220	27.220	27.220	27.220	0.000	0.000000	27.22	27.22	0.00	8
FRZNF	2011-11-18	0.000099	1.014560e+9	27.220	27.220	27.220	27.220	27.220	27.220	27.220	27.220	0.000	0.000000	27.22	27.22	0.00	9
FRZNF	2011-11-17	0.000104	9.638310e+8	27.220	27.220	27.220	27.220	27.220	27.220	27.220	27.220	0.000	0.000000	27.22	27.22	0.00	10
FRZNF	2011-11-16	0.000109	9.156400e+8	27.220	27.220	27.220	27.220	27.220	27.220	27.220	27.220	0.000	0.000000	27.22	27.22	0.00	11
FRZNF	2011-11-15	0.000115	8.698580e+8	27.220	27.220	27.220	27.220	27.220	27.220	27.220	27.220	0.000	0.000000	27.22	27.22	0.00	12
FRZNF	2011-11-14	0.000121	8.263650e+8	27.220	27.220	27.220	27.220	27.220	27.220	27.220	27.220	0.000	0.000000	27.22	27.22	0.00	13
FRZNF	2011-11-11	0.000127	7.850470e+8	27.220	27.220	27.220	27.220	27.220	27.220	27.220	27.220	0.000	0.000000	27.22	27.22	0.00	14
FRZNF	2011-11-10	0.000134	7.457940e+8	27.220	27.220	27.220	27.220	27.220	27.220	27.220	27.220	0.000	0.000000	27.22	27.22	0.00	15
FRZNF	2011-11-09	0.000141	7.085050e+8	27.220	27.220	27.220	27.220	27.220	27.220	27.220	27.220	0.000	0.000000	27.22	27.22	0.00	16
FRZNF	2011-11-08	0.000149	6.730790e+8	27.220	27.220	27.220	27.220	27.220	27.220	27.220	27.220	0.000	0.000000	27.22	27.22	0.00	17
FRZNF	2011-11-07	0.000156	6.394250e+8	27.220	27.220	27.220	27.220	27.220	27.220	27.220	27.220	0.000	0.000000	27.22	27.22	0.00	18
FRZNF	2011-11-04	0.000165	6.074540e+8	27.220	27.220	27.220	27.220	27.220	27.220	27.220	27.220	0.000	0.000000	27.22	27.22	0.00	19
FRZNF	2011-11-03	0.000173	5.770810e+8	27.220	27.220	27.220	27.220	27.220	27.220	27.220	27.220	0.000	0.000000	27.22	27.22	0.00	20
FRZNF	2011-11-02	0.000182	5.482270e+8	27.220	27.220	27.220	27.220	27.220	27.220	27.220	27.220	0.000	0.000000	27.22	27.22	0.00	21
FRZNF	2011-11-01	0.000192	5.208160e+8	27.220	27.220	27.220	27.220	27.220	27.220	27.220	27.220	0.000	0.000000	27.22	27.22	0.00	22
FRZNF	2011-10-31	0.000202	4.947750e+8	27.220	27.220	27.220	27.220	27.220	27.220	27.220	27.220	0.000	0.000000	27.22	27.22	0.00	23
FRZNF	2011-10-28	0.000213	4.700360e+8	27.220	27.220	27.220	27.220	27.220	27.220	27.220	27.220	0.000	0.000000	27.22	27.22	0.00	24
FRZNF	2011-10-27	0.000224	4.465350e+8	27.220	27.220	27.220	27.220	27.220	27.220	27.220	27.220	0.000	0.000000	27.22	27.22	0.00	25
FRZNF	2011-10-26	0.000236	4.242080e+8	27.220	27.220	27.220	27.220	27.220	27.220	27.220	27.220	0.000	0.000000	27.22	27.22	0.00	26
FRZNF	2011-10-25	0.000248	4.029970e+8	27.220	27.220	27.220	27.220	27.220	27.220	27.220	27.220	0.000	0.000000	27.22	27.22	0.00	27
FRZNF	2011-10-24	0.000261	3.828480e+8	27.220	27.220	27.220	27.220	27.220	27.220	27.220	27.220	0.000	0.000000	27.22	27.22	0.00	28
FRZNF	2011-10-21	0.000275	3.637050e+8	27.220	27.220	27.220	27.220	27.220	27.220	27.220	27.220	0.000	0.000000	27.22	27.22	0.00	29
FRZNF	2011-10-20	0.000289	3.455200e+8	27.220	27.220	27.220	27.220	27.220	27.220	27.220	27.220	0.000	0.000000	27.22	27.22	0.00	30
FRZNF	2011-10-19	0.000305	3.282440e+8	27.220	27.220	27.220	27.220	27.220	27.220	27.220	27.220	0.000	0.000000	27.22	27.22	0.00	31
FRZNF	2011-10-18	0.000321	3.118320e+8	27.220	27.220	27.220	27.220	27.220	27.220	27.220	27.220	0.000	0.000000	27.22	27.22	0.00	32
FRZNF	2011-10-17	0.000338	2.962400e+8	27.220	27.220	27.220	27.220	27.220	27.220	27.220	27.220	0.000	0.000000	27.22	27.22	0.00	33
FRZNF	2011-10-14	0.000355	2.814280e+8	27.220	27.220	27.220	27.220	27.220	27.220	27.220	27.220	0.000	0.000000	27.22	27.22	0.00	34
FRZNF	2011-10-13	0.000374	2.673570e+8	27.220	27.220	27.220	27.220	27.220	27.220	27.220	27.220	0.000	0.000000	27.22	27.22	0.00	35
FRZNF	2011-10-12	0.000394	2.539890e+8	27.220	27.220	27.220	27.220	27.220	27.220	27.220	27.220	0.000	0.000000	27.22	27.22	0.00	36
FRZNF	2011-10-11	0.000414	2.412890e+8	27.220	27.220	27.220	27.220	27.220	27.220	27.220	27.220	0.000	0.000000	27.22	27.22	0.00	37
FRZNF	2011-10-10	0.000436	2.292250e+8	27.220	27.220	27.220	27.220	27.220	27.220	27.220	27.220	0.000	0.000000	27.22	27.22	0.00	38
FRZNF	2011-10-07	0.000459	2.177640e+8	27.220	27.220	27.220	27.220	27.220	27.220	27.220	27.220	0.000	0.000000	27.22	27.22	0.00	39
FRZNF	2011-10-06	0.000483	2.068760e+8	27.220	27.220	27.220	27.220	27.220	27.220	27.220	27.220	0.000	0.000000	27.22	27.22	0.00	40
FRZNF	2011-10-05	0.000509	1.965320e+8	27.220	27.220	27.220	27.220	27.220	27.220	27.220	27.220	0.000	0.000000	27.22	27.22	0.00	41
FRZNF	2011-10-04	0.000536	1.867050e+8	27.220	27.220	27.220	27.220	27.220	27.220	27.220	27.220	0.000	0.000000	27.22	27.22	0.00	42
FRZNF	2011-10-03	0.000564	1.773700e+8	27.220	27.220	27.220	27.220	27.220	27.220	27.220	27.220	0.000	0.000000	27.22	27.22	0.00	43
FRZNF	2011-09-30	0.000593	1.685010e+8	27.220	27.220	27.220	27.220	27.220	27.220	27.220	27.220	0.000	0.000000	27.22	27.22	0.00	44
FRZNF	2011-09-29	0.000625	1.600760e+8	27.220	27.220	27.220	27.220	27.220	27.220	27.220	27.220	0.000	0.000000	27.22	27.22	0.00	45
FRZNF	2011-09-28	0.000658	1.520730e+8	27.220	27.220	27.220	27.220	27.220	27.220	27.220	27.220	0.000	0.000000	27.22	27.22	0.00	46
FRZNF	2011-09-27	0.000692	1.444690e+8	27.220	27.220	27.220	27.220	27.220	27.220	27.220	27.220	0.000	0.000000	27.22	27.22	0.00	47
FRZNF	2011-09-26	0.000729	1.372450e+8	27.220	27.220	27.220	27.220	27.220	27.220	27.220	27.220	0.000	0.000000	27.22	27.22	0.00	48
FRZNF	2011-09-23	0.000767	1.303830e+8	27.220	27.220	27.310	27.220	27.220	27.220	27.220	27.220	0.000	0.000000	27.22	27.22	0.00	49
FRZNF	2011-09-22	0.000807	1.238640e+8	27.220	27.220	27.310	27.220	27.220	27.220	27.220	27.220	0.000	0.000000	27.22	27.22	0.00	50
FRZNF	2011-09-21	0.000850	1.176710e+8	27.220	27.220	27.310	27.220	27.220	27.220	27.220	27.220	0.000	0.000000	27.22	27.22	0.00	51
FRZNF	2011-09-20	0.000895	1.117870e+8	27.220	27.220	27.310	27.220	27.220	27.220	27.220	27.220	0.000	0.000000	27.22	27.22	0.00	52
FRZNF	2011-09-19	0.000942	1.061980e+8	27.220	27.220	27.310	27.220	27.220	27.220	27.220	27.220	0.000	0.000000	27.22	27.22	0.00	53
