#Header line 	date 	volatility 	unit 		brkh20 	brkl20 	brkh55 	brkl55 	low10 	high10 	low20 	high20 	truerng	ignore20	add 	sellall	normalizedprice
PEP	2011-12-02	1.061810	9.417890e+4	65.090	61.990	65.090	60.290	62.400	64.090	61.990	65.090	0.610	0.000000	65.62	61.99	0.00	1
PEP	2011-12-01	1.085590	9.211590e+4	65.090	61.990	65.090	60.290	62.400	65.090	61.990	65.090	0.640	0.000000	65.63	61.99	0.00	2
PEP	2011-11-30	1.109040	9.016800e+4	65.090	61.990	65.090	60.290	62.400	65.090	61.990	65.090	0.950	0.000000	65.64	61.99	0.00	3
PEP	2011-11-29	1.117410	8.949250e+4	65.090	61.990	65.090	60.140	62.400	65.090	61.990	65.090	1.020	0.000000	65.65	61.99	0.00	4
PEP	2011-11-28	1.122540	8.908380e+4	65.090	61.990	65.090	59.990	62.400	65.090	61.990	65.090	1.060	0.000000	65.65	61.99	0.00	5
PEP	2011-11-25	1.125830	8.882340e+4	65.090	61.990	65.090	59.990	62.400	65.090	61.990	65.090	0.510	0.000000	65.65	61.99	0.00	6
PEP	2011-11-23	1.158240	8.633770e+4	65.090	61.990	65.090	59.990	62.280	65.090	61.990	65.090	0.930	0.000000	65.67	61.99	0.00	7
PEP	2011-11-22	1.170250	8.545150e+4	65.090	61.820	65.090	59.990	62.280	65.090	61.820	65.090	0.660	0.000000	65.68	61.82	0.00	8
PEP	2011-11-21	1.197110	8.353450e+4	65.090	61.820	65.090	59.990	62.280	65.090	61.820	65.090	0.840	0.000000	65.69	61.82	0.00	9
PEP	2011-11-18	1.215910	8.224320e+4	65.090	61.820	65.090	59.990	61.990	65.090	61.820	65.090	1.100	0.000000	65.70	61.82	0.00	10
PEP	2011-11-17	1.222010	8.183270e+4	65.090	61.820	65.090	59.990	61.990	65.090	61.820	65.090	1.890	0.000000	65.70	61.82	0.00	11
PEP	2011-11-16	1.186850	8.425680e+4	64.500	61.820	64.520	59.990	61.990	64.500	61.820	64.500	2.370	0.000000	65.09	61.82	0.00	12
PEP	2011-11-15	1.124580	8.892230e+4	63.660	61.820	64.520	59.990	61.990	63.660	61.820	63.660	2.120	0.000000	64.22	61.82	0.00	13
PEP	2011-11-14	1.072190	9.326740e+4	63.660	61.820	64.520	59.990	61.990	63.660	61.820	63.660	0.780	0.000000	64.20	61.82	0.00	14
PEP	2011-11-11	1.087560	9.194860e+4	63.660	61.820	64.520	59.990	61.990	63.660	61.820	63.660	0.540	0.000000	64.20	61.82	0.00	15
PEP	2011-11-10	1.116380	8.957490e+4	63.660	61.820	64.520	59.990	61.990	63.660	61.820	63.660	0.980	0.000000	64.22	61.82	0.00	16
PEP	2011-11-09	1.123560	8.900270e+4	63.660	61.820	64.520	59.990	61.990	63.660	61.820	63.660	1.590	0.000000	64.22	61.82	0.00	17
PEP	2011-11-08	1.099010	9.099080e+4	63.200	60.950	64.520	59.990	61.820	63.200	60.950	63.200	1.430	0.000000	63.75	60.95	0.00	18
PEP	2011-11-07	1.081590	9.245630e+4	63.200	60.950	64.520	59.990	61.820	63.200	60.950	63.200	0.980	0.000000	63.74	60.95	0.00	19
PEP	2011-11-04	1.086940	9.200150e+4	63.200	60.950	64.520	59.990	61.820	63.200	60.950	63.200	1.130	0.000000	63.74	60.95	0.00	20
PEP	2011-11-03	1.084670	9.219370e+4	63.200	60.570	64.620	59.990	61.820	63.200	60.570	63.200	0.720	0.000000	63.74	60.57	0.00	21
PEP	2011-11-02	1.103870	9.059070e+4	63.200	60.290	64.620	59.990	61.820	63.200	60.290	63.200	0.640	0.000000	63.75	60.29	0.00	22
PEP	2011-11-01	1.128280	8.863050e+4	63.200	60.290	64.620	59.990	61.820	63.200	60.290	63.200	1.060	0.000000	63.76	60.29	0.00	23
PEP	2011-10-31	1.131870	8.834910e+4	63.200	60.290	64.620	59.990	61.820	63.200	60.290	63.200	0.990	0.000000	63.77	60.29	0.00	24
PEP	2011-10-28	1.139340	8.777010e+4	62.880	60.290	64.620	59.990	61.820	62.880	60.290	62.880	0.710	0.000000	63.45	60.29	0.00	25
PEP	2011-10-27	1.161940	8.606310e+4	62.700	60.290	64.620	59.990	61.820	62.410	60.290	62.700	1.050	0.000000	63.28	60.29	0.00	26
PEP	2011-10-26	1.167830	8.562900e+4	62.700	60.290	64.620	59.990	61.820	62.700	60.290	62.700	0.660	0.000000	63.28	60.29	0.00	27
PEP	2011-10-25	1.194560	8.371300e+4	62.700	60.290	64.620	59.990	60.950	62.700	60.290	62.700	0.860	0.000000	63.30	60.29	0.00	28
PEP	2011-10-24	1.212170	8.249700e+4	62.700	60.290	64.670	59.990	60.950	62.700	60.290	62.700	0.750	0.000000	63.31	60.29	0.00	29
PEP	2011-10-21	1.236490	8.087410e+4	62.700	60.290	64.670	59.990	60.950	62.700	60.290	62.700	0.880	0.000000	63.32	60.29	0.00	30
PEP	2011-10-20	1.255250	7.966530e+4	62.700	60.290	64.670	59.990	60.570	62.700	60.290	62.700	0.570	0.000000	63.33	60.29	0.00	31
PEP	2011-10-19	1.291320	7.744020e+4	62.700	60.290	64.670	59.990	60.290	62.700	60.290	62.700	0.740	0.000000	63.35	60.29	0.00	32
PEP	2011-10-18	1.320340	7.573840e+4	62.700	60.290	64.670	59.990	60.290	62.700	60.290	62.700	1.140	0.000000	63.36	60.29	0.00	33
PEP	2011-10-17	1.329830	7.519780e+4	62.700	60.290	64.670	59.990	60.290	62.700	60.290	62.700	0.820	0.000000	63.36	60.29	0.00	34
PEP	2011-10-14	1.356660	7.371050e+4	62.700	60.290	64.670	59.990	60.290	62.700	60.290	62.700	0.960	0.000000	63.38	60.29	0.00	35
PEP	2011-10-13	1.377540	7.259340e+4	63.220	60.290	64.670	59.990	60.290	62.700	60.290	63.220	0.690	0.000000	63.91	60.29	0.00	36
PEP	2011-10-12	1.413720	7.073530e+4	63.220	60.290	64.670	59.990	60.290	62.580	60.290	63.220	2.670	0.000000	63.93	60.29	0.00	37
PEP	2011-10-11	1.347600	7.420590e+4	63.220	60.290	64.670	59.990	60.290	62.580	60.290	63.220	1.360	0.000000	63.89	60.29	0.00	38
PEP	2011-10-10	1.346950	7.424180e+4	63.220	60.140	65.760	59.990	60.290	62.580	60.140	63.220	0.910	0.000000	63.89	60.14	0.00	39
PEP	2011-10-07	1.369950	7.299550e+4	63.220	59.990	66.170	59.990	60.290	62.580	59.990	63.220	0.990	0.000000	63.91	59.99	0.00	40
PEP	2011-10-06	1.389940	7.194530e+4	63.220	59.990	68.490	59.990	60.290	62.580	59.990	63.220	1.130	0.000000	63.91	59.99	0.00	41
PEP	2011-10-05	1.403630	7.124410e+4	63.220	59.990	68.540	59.990	60.290	62.580	59.990	63.220	1.120	0.000000	63.92	59.99	0.00	42
PEP	2011-10-04	1.418550	7.049440e+4	63.220	59.990	68.540	59.990	60.290	62.580	59.990	63.220	2.060	0.000000	63.93	59.99	0.00	43
PEP	2011-10-03	1.384790	7.221300e+4	63.300	59.990	68.540	59.990	60.340	62.580	59.990	63.300	1.960	0.000000	63.99	59.99	0.00	44
PEP	2011-09-30	1.354520	7.382700e+4	64.150	59.990	68.600	59.990	60.340	62.580	59.990	64.150	1.140	0.000000	64.83	59.99	0.00	45
PEP	2011-09-29	1.365810	7.321670e+4	64.430	59.990	68.890	59.990	60.340	63.220	59.990	64.430	1.170	0.000000	65.11	59.99	0.00	46
PEP	2011-09-28	1.376120	7.266830e+4	64.520	59.990	69.010	59.990	60.340	63.220	59.990	64.520	1.450	0.000000	65.21	59.99	0.00	47
PEP	2011-09-27	1.372230	7.287430e+4	64.520	59.990	69.300	59.990	60.340	63.220	59.990	64.520	1.240	0.000000	65.21	59.99	0.00	48
PEP	2011-09-26	1.379190	7.250650e+4	64.520	59.990	69.930	59.990	60.140	63.220	59.990	64.520	1.700	0.000000	65.21	59.99	0.00	49
PEP	2011-09-23	1.362300	7.340520e+4	64.520	59.990	70.520	59.990	59.990	63.220	59.990	64.520	1.270	0.000000	65.20	59.99	0.00	50
PEP	2011-09-22	1.367160	7.314440e+4	64.520	59.990	70.520	59.990	59.990	63.220	59.990	64.520	1.600	0.000000	65.20	59.99	0.00	51
PEP	2011-09-21	1.354900	7.380600e+4	64.520	59.990	70.520	59.990	59.990	63.220	59.990	64.520	1.620	0.000000	65.20	59.99	0.00	52
PEP	2011-09-20	1.340950	7.457390e+4	64.520	59.990	70.520	59.990	59.990	63.220	59.990	64.520	1.090	0.000000	65.19	59.99	0.00	53
PEP	2011-09-19	1.354160	7.384650e+4	64.520	59.990	70.520	59.990	59.990	63.300	59.990	64.520	2.050	0.000000	65.20	59.99	0.00	54
