#Header line 	date 	volatility 	unit 		brkh20 	brkl20 	brkh55 	brkl55 	low10 	high10 	low20 	high20 	truerng	ignore20	add 	sellall	normalizedprice
XLB	2011-12-02	0.996030	1.003990e+5	35.700	31.410	35.990	28.530	31.410	34.520	31.410	35.700	0.790	0.000000	36.20	31.41	0.00	1
XLB	2011-12-01	1.006870	9.931730e+4	35.700	31.410	35.990	28.530	31.410	34.520	31.410	35.700	0.690	0.000000	36.20	31.41	0.00	2
XLB	2011-11-30	1.023550	9.769910e+4	35.700	31.410	35.990	28.530	31.410	34.870	31.410	35.700	1.900	0.000000	36.21	31.41	0.00	3
XLB	2011-11-29	0.977422	1.023100e+5	35.700	31.410	35.990	28.530	31.410	34.870	31.410	35.700	0.470	0.000000	36.19	31.41	0.00	4
XLB	2011-11-28	1.004130	9.958880e+4	35.990	31.410	35.990	28.530	31.410	35.170	31.410	35.990	1.410	0.000000	36.49	31.41	0.00	5
XLB	2011-11-25	0.982767	1.017530e+5	35.990	31.570	35.990	28.530	31.570	35.170	31.570	35.990	0.470	0.000000	36.48	31.57	0.00	6
XLB	2011-11-23	1.009760	9.903390e+4	35.990	32.430	35.990	28.530	32.430	35.170	32.430	35.990	0.890	0.000000	36.49	32.43	0.00	7
XLB	2011-11-22	1.016060	9.841960e+4	35.990	32.680	35.990	28.530	32.680	35.700	32.680	35.990	0.620	0.000000	36.50	32.68	0.00	8
XLB	2011-11-21	1.036900	9.644100e+4	35.990	33.080	35.990	28.530	33.080	35.700	33.080	35.990	0.930	0.000000	36.51	33.08	0.00	9
XLB	2011-11-18	1.042530	9.592050e+4	35.990	33.080	35.990	28.530	33.080	35.700	33.080	35.990	0.610	0.000000	36.51	33.08	0.00	10
XLB	2011-11-17	1.065290	9.387080e+4	35.990	32.510	35.990	28.530	33.960	35.700	32.510	35.990	1.260	0.000000	36.52	32.51	0.00	11
XLB	2011-11-16	1.055050	9.478250e+4	35.990	32.210	35.990	28.530	33.960	35.700	32.210	35.990	0.850	0.000000	36.52	32.21	0.00	12
XLB	2011-11-15	1.065840	9.382280e+4	35.990	32.210	35.990	28.530	33.530	35.700	32.210	35.990	0.690	0.000000	36.52	32.21	0.00	13
XLB	2011-11-14	1.085620	9.211330e+4	35.990	32.210	35.990	28.530	33.530	35.700	32.210	35.990	0.620	0.000000	36.53	32.21	0.00	14
XLB	2011-11-11	1.110130	9.007990e+4	35.990	32.210	35.990	28.530	33.530	35.990	32.210	35.990	0.920	0.000000	36.55	32.21	0.00	15
XLB	2011-11-10	1.120130	8.927520e+4	35.990	32.210	35.990	28.530	33.530	35.990	32.210	35.990	0.850	0.000000	36.55	32.21	0.00	16
XLB	2011-11-09	1.134350	8.815620e+4	35.990	32.210	35.990	28.530	33.530	35.990	32.210	35.990	1.820	0.000000	36.56	32.21	0.00	17
XLB	2011-11-08	1.098260	9.105290e+4	35.990	32.210	35.990	28.530	33.300	35.990	32.210	35.990	0.740	0.000000	36.54	32.21	0.00	18
XLB	2011-11-07	1.117120	8.951600e+4	35.990	32.210	35.990	28.530	33.300	35.990	32.210	35.990	0.730	0.000000	36.55	32.21	0.00	19
XLB	2011-11-04	1.137490	8.791260e+4	35.990	31.120	35.990	28.530	33.300	35.990	31.120	35.990	0.820	0.000000	36.56	31.12	0.00	20
XLB	2011-11-03	1.154200	8.663980e+4	35.990	31.120	35.990	28.530	32.510	35.990	31.120	35.990	0.990	0.000000	36.57	31.12	0.00	21
XLB	2011-11-02	1.162850	8.599590e+4	35.990	30.820	35.990	28.530	32.210	35.990	30.820	35.990	1.050	0.000000	36.57	30.82	0.00	22
XLB	2011-11-01	1.168790	8.555890e+4	35.990	29.640	35.990	28.530	32.210	35.990	29.640	35.990	1.650	0.000000	36.57	29.64	0.00	23
XLB	2011-10-31	1.143460	8.745400e+4	35.990	28.530	35.990	28.530	32.210	35.990	28.530	35.990	1.580	0.000000	36.56	28.53	0.00	24
XLB	2011-10-28	1.120480	8.924730e+4	35.740	28.530	35.740	28.530	32.210	35.740	28.530	35.740	0.830	0.000000	36.30	28.53	0.00	25
XLB	2011-10-27	1.135770	8.804590e+4	34.170	28.530	35.340	28.530	32.210	34.170	28.530	34.170	2.180	0.000000	34.74	28.53	0.00	26
XLB	2011-10-26	1.080810	9.252310e+4	34.170	28.530	35.340	28.530	32.210	34.170	28.530	34.170	1.090	0.000000	34.71	28.53	0.00	27
XLB	2011-10-25	1.080330	9.256450e+4	34.170	28.530	35.340	28.530	32.210	34.170	28.530	34.170	0.930	0.000000	34.71	28.53	0.00	28
XLB	2011-10-24	1.088240	9.189150e+4	33.480	28.530	35.340	28.530	32.210	33.480	28.530	33.480	0.810	0.000000	34.02	28.53	0.00	29
XLB	2011-10-21	1.102880	9.067140e+4	33.480	28.530	35.340	28.530	31.120	33.480	28.530	33.480	0.860	0.000000	34.03	28.53	0.00	30
XLB	2011-10-20	1.115670	8.963240e+4	33.480	28.530	36.900	28.530	31.120	33.480	28.530	33.480	0.820	0.000000	34.04	28.53	0.00	31
XLB	2011-10-19	1.131230	8.839940e+4	33.480	28.530	36.900	28.530	30.820	33.480	28.530	33.480	1.100	0.000000	34.05	28.53	0.00	32
XLB	2011-10-18	1.132870	8.827120e+4	33.610	28.530	37.880	28.530	29.640	33.480	28.530	33.610	1.590	0.000000	34.18	28.53	0.00	33
XLB	2011-10-17	1.108810	9.018650e+4	34.010	28.530	38.010	28.530	28.530	33.480	28.530	34.010	1.160	0.000000	34.56	28.53	0.00	34
XLB	2011-10-14	1.106120	9.040620e+4	34.520	28.530	38.440	28.530	28.530	32.790	28.530	34.520	0.860	0.000000	35.07	28.53	0.00	35
XLB	2011-10-13	1.119070	8.935970e+4	34.590	28.530	38.520	28.530	28.530	32.790	28.530	34.590	0.790	0.000000	35.15	28.53	0.00	36
XLB	2011-10-12	1.136390	8.799780e+4	34.590	28.530	39.420	28.530	28.530	32.470	28.530	34.590	0.740	0.000000	35.16	28.53	0.00	37
XLB	2011-10-11	1.157260	8.641140e+4	34.590	28.530	39.850	28.530	28.530	32.430	28.530	34.590	0.750	0.000000	35.17	28.53	0.00	38
XLB	2011-10-10	1.178690	8.484000e+4	34.590	28.530	39.950	28.530	28.530	31.860	28.530	34.590	1.310	0.000000	35.18	28.53	0.00	39
XLB	2011-10-07	1.171780	8.534040e+4	34.590	28.530	40.140	28.530	28.530	31.860	28.530	34.590	1.150	0.000000	35.18	28.53	0.00	40
XLB	2011-10-06	1.172920	8.525700e+4	34.590	28.530	40.140	28.530	28.530	31.860	28.530	34.590	0.940	0.000000	35.18	28.53	0.00	41
XLB	2011-10-05	1.185180	8.437510e+4	34.760	28.530	40.140	28.530	28.530	32.090	28.530	34.760	1.440	0.000000	35.35	28.53	0.00	42
XLB	2011-10-04	1.171770	8.534080e+4	34.760	28.530	40.140	28.530	28.530	33.610	28.530	34.760	1.900	0.000000	35.35	28.53	0.00	43
XLB	2011-10-03	1.133450	8.822660e+4	34.760	29.360	40.140	29.360	29.360	34.010	29.360	34.760	1.320	0.000000	35.33	29.36	0.00	44
XLB	2011-09-30	1.123630	8.899760e+4	34.860	30.240	40.140	30.240	30.240	34.520	30.240	34.860	1.160	0.000000	35.42	30.24	0.00	45
XLB	2011-09-29	1.121710	8.914950e+4	35.340	30.240	40.140	30.240	30.240	34.590	30.240	35.340	1.270	0.000000	35.90	30.24	0.00	46
XLB	2011-09-28	1.113910	8.977410e+4	35.340	30.240	40.140	30.240	30.240	34.590	30.240	35.340	1.610	0.000000	35.90	30.24	0.00	47
XLB	2011-09-27	1.087800	9.192890e+4	35.340	30.240	40.140	30.240	30.240	34.590	30.240	35.340	1.360	0.000000	35.88	30.24	0.00	48
XLB	2011-09-26	1.073470	9.315580e+4	35.340	30.240	40.230	30.240	30.240	34.590	30.240	35.340	1.400	0.000000	35.88	30.24	0.00	49
XLB	2011-09-23	1.056280	9.467140e+4	35.340	30.290	40.540	30.290	30.290	34.590	30.290	35.340	0.740	0.000000	35.87	30.29	0.00	50
XLB	2011-09-22	1.072930	9.320260e+4	35.340	32.090	40.540	31.810	32.090	34.590	32.090	35.340	2.260	0.000000	35.88	32.09	0.00	51
XLB	2011-09-21	1.010450	9.896540e+4	35.340	32.950	40.540	31.810	32.950	34.760	32.950	35.340	1.570	0.000000	35.85	32.95	0.00	52
XLB	2011-09-20	0.981004	1.019360e+5	35.340	32.000	40.540	31.810	32.950	34.760	32.000	35.340	0.790	0.000000	35.83	32.00	0.00	53
XLB	2011-09-19	0.991057	1.009020e+5	35.340	32.000	40.540	31.810	32.950	34.760	32.000	35.340	1.110	0.000000	35.84	32.00	0.00	54
