#Header line 	date 	volatility 	unit 		brkh20 	brkl20 	brkh55 	brkl55 	low10 	high10 	low20 	high20 	truerng	ignore20	add 	sellall	normalizedprice
MOS	2011-12-02	2.414100	4.142330e+4	59.570	49.300	71.070	47.130	49.300	53.150	49.300	59.570	2.480	0.000000	60.78	49.30	0.00	1
MOS	2011-12-01	2.410630	4.148290e+4	59.570	49.300	71.070	47.130	49.300	54.580	49.300	59.570	1.660	0.000000	60.78	49.30	0.00	2
MOS	2011-11-30	2.450140	4.081400e+4	59.570	49.300	71.070	47.130	49.300	55.780	49.300	59.570	2.880	0.000000	60.80	49.30	0.00	3
MOS	2011-11-29	2.427510	4.119440e+4	59.570	49.300	71.070	47.130	49.300	56.820	49.300	59.570	1.340	0.000000	60.78	49.30	0.00	4
MOS	2011-11-28	2.484750	4.024550e+4	61.960	49.300	71.070	47.130	49.300	57.780	49.300	61.960	1.890	0.000000	63.20	49.30	0.00	5
MOS	2011-11-25	2.516050	3.974480e+4	61.960	50.010	71.070	47.130	50.010	57.780	50.010	61.960	1.060	0.000000	63.22	50.01	0.00	6
MOS	2011-11-23	2.592690	3.857000e+4	61.960	50.760	71.120	47.130	50.760	57.780	50.760	61.960	1.900	0.000000	63.26	50.76	0.00	7
MOS	2011-11-22	2.629140	3.803520e+4	61.960	50.760	71.120	47.130	50.760	59.570	50.760	61.960	1.690	0.000000	63.27	50.76	0.00	8
MOS	2011-11-21	2.678570	3.733330e+4	61.960	50.760	71.120	47.130	50.760	59.570	50.760	61.960	2.180	0.000000	63.30	50.76	0.00	9
MOS	2011-11-18	2.704810	3.697110e+4	61.960	50.760	71.120	47.130	50.760	59.570	50.760	61.960	2.940	0.000000	63.31	50.76	0.00	10
MOS	2011-11-17	2.692440	3.714110e+4	61.960	54.580	71.130	47.130	54.580	59.570	54.580	61.960	6.170	0.000000	63.31	54.58	0.00	11
MOS	2011-11-16	2.509410	3.985010e+4	61.960	53.450	73.180	47.130	55.780	59.570	53.450	61.960	1.310	0.000000	63.21	53.45	0.00	12
MOS	2011-11-15	2.572530	3.887220e+4	61.960	53.450	73.180	47.130	55.870	59.570	53.450	61.960	1.560	0.000000	63.25	53.45	0.00	13
MOS	2011-11-14	2.625820	3.808330e+4	61.960	53.450	73.180	47.130	55.870	59.570	53.450	61.960	2.240	0.000000	63.27	53.45	0.00	14
MOS	2011-11-11	2.646130	3.779100e+4	61.960	53.450	73.180	47.130	55.870	61.960	53.450	61.960	1.680	0.000000	63.28	53.45	0.00	15
MOS	2011-11-10	2.696980	3.707850e+4	61.960	53.450	73.180	47.130	55.870	61.960	53.450	61.960	2.150	0.000000	63.31	53.45	0.00	16
MOS	2011-11-09	2.725770	3.668690e+4	61.960	53.450	73.180	47.130	55.870	61.960	53.450	61.960	3.220	0.000000	63.32	53.45	0.00	17
MOS	2011-11-08	2.699760	3.704040e+4	61.960	53.450	73.180	47.130	55.870	61.960	53.450	61.960	1.720	0.000000	63.31	53.45	0.00	18
MOS	2011-11-07	2.751320	3.634620e+4	61.960	53.450	73.180	47.130	55.870	61.960	53.450	61.960	1.580	0.000000	63.34	53.45	0.00	19
MOS	2011-11-04	2.812970	3.554960e+4	61.960	51.190	73.180	47.130	55.870	61.960	51.190	61.960	2.020	0.000000	63.37	51.19	0.00	20
MOS	2011-11-03	2.854710	3.502990e+4	61.960	51.190	73.180	47.130	55.250	61.960	51.190	61.960	1.940	0.000000	63.39	51.19	0.00	21
MOS	2011-11-02	2.902850	3.444890e+4	61.960	51.190	73.180	47.130	53.450	61.960	51.190	61.960	2.080	0.000000	63.41	51.19	0.00	22
MOS	2011-11-01	2.946160	3.394250e+4	61.960	49.080	73.180	47.130	53.450	61.960	49.080	61.960	4.320	0.000000	63.43	49.08	0.00	23
MOS	2011-10-31	2.873850	3.479660e+4	61.960	47.130	73.180	47.130	53.450	61.960	47.130	61.960	3.460	0.000000	63.40	47.13	0.00	24
MOS	2011-10-28	2.843000	3.517410e+4	61.810	47.130	73.180	47.130	53.450	61.810	47.130	61.810	1.380	0.000000	63.23	47.13	0.00	25
MOS	2011-10-27	2.920000	3.424660e+4	59.450	47.130	73.180	47.130	53.450	59.450	47.130	59.450	3.080	0.000000	60.91	47.13	0.00	26
MOS	2011-10-26	2.911580	3.434570e+4	59.200	47.130	73.180	47.130	53.450	59.200	47.130	59.200	2.370	0.000000	60.66	47.13	0.00	27
MOS	2011-10-25	2.940080	3.401270e+4	60.350	47.130	73.180	47.130	53.450	59.200	47.130	60.350	2.890	0.000000	61.82	47.13	0.00	28
MOS	2011-10-24	2.942720	3.398220e+4	60.350	47.130	73.180	47.130	53.450	58.450	47.130	60.350	1.530	0.000000	61.82	47.13	0.00	29
MOS	2011-10-21	3.017070	3.314470e+4	60.350	47.130	73.180	47.130	51.190	57.110	47.130	60.350	4.240	0.000000	61.86	47.13	0.00	30
MOS	2011-10-20	2.952700	3.386730e+4	60.350	47.130	73.180	47.130	51.190	57.110	47.130	60.350	2.870	0.000000	61.83	47.13	0.00	31
MOS	2011-10-19	2.957060	3.381740e+4	63.590	47.130	73.180	47.130	51.190	57.110	47.130	63.590	2.240	0.000000	65.07	47.13	0.00	32
MOS	2011-10-18	2.994800	3.339120e+4	66.040	47.130	73.180	47.130	49.080	57.110	47.130	66.040	2.790	0.000000	67.54	47.13	0.00	33
MOS	2011-10-17	3.005580	3.327150e+4	68.510	47.130	73.180	47.130	47.130	57.110	47.130	68.510	2.860	0.000000	70.01	47.13	0.00	34
MOS	2011-10-14	3.013240	3.318690e+4	70.990	47.130	73.180	47.130	47.130	55.850	47.130	70.990	1.440	0.000000	72.50	47.13	0.00	35
MOS	2011-10-13	3.096040	3.229930e+4	71.070	47.130	73.180	47.130	47.130	55.770	47.130	71.070	1.350	0.000000	72.62	47.13	0.00	36
MOS	2011-10-12	3.187940	3.136820e+4	71.070	47.130	73.180	47.130	47.130	57.190	47.130	71.070	2.060	0.000000	72.66	47.13	0.00	37
MOS	2011-10-11	3.247300	3.079480e+4	71.070	47.130	73.180	47.130	47.130	60.350	47.130	71.070	3.960	0.000000	72.69	47.13	0.00	38
MOS	2011-10-10	3.209790	3.115470e+4	71.070	47.130	73.180	47.130	47.130	60.350	47.130	71.070	2.790	0.000000	72.67	47.13	0.00	39
MOS	2011-10-07	3.231890	3.094170e+4	71.070	47.130	73.180	47.130	47.130	60.350	47.130	71.070	3.410	0.000000	72.69	47.13	0.00	40
MOS	2011-10-06	3.222510	3.103170e+4	71.070	47.130	73.180	47.130	47.130	60.350	47.130	71.070	1.770	0.000000	72.68	47.13	0.00	41
MOS	2011-10-05	3.298960	3.031260e+4	71.120	47.130	73.180	47.130	47.130	63.590	47.130	71.120	3.460	0.000000	72.77	47.13	0.00	42
MOS	2011-10-04	3.290480	3.039070e+4	71.120	47.130	73.180	47.130	47.130	66.040	47.130	71.120	4.370	0.000000	72.77	47.13	0.00	43
MOS	2011-10-03	3.233670	3.092460e+4	71.120	48.970	73.180	48.970	48.970	68.510	48.970	71.120	3.150	0.000000	72.74	48.97	0.00	44
MOS	2011-09-30	3.238070	3.088260e+4	71.120	54.200	73.180	54.200	54.200	70.990	54.200	71.120	5.710	0.000000	72.74	54.20	0.00	45
MOS	2011-09-29	3.107970	3.217540e+4	71.130	57.190	73.180	57.190	57.190	71.070	57.190	71.130	4.580	0.000000	72.68	57.19	0.00	46
MOS	2011-09-28	3.030490	3.299790e+4	73.180	57.700	73.180	57.510	57.700	71.070	57.700	73.180	3.640	0.000000	74.70	57.70	0.00	47
MOS	2011-09-27	2.998410	3.335100e+4	73.180	57.700	73.180	57.510	57.700	71.070	57.700	73.180	3.140	0.000000	74.68	57.70	0.00	48
MOS	2011-09-26	2.990960	3.343410e+4	73.180	57.700	73.180	57.510	57.700	71.070	57.700	73.180	4.400	0.000000	74.68	57.70	0.00	49
MOS	2011-09-23	2.916800	3.428410e+4	73.180	60.110	73.180	57.510	60.110	71.070	60.110	73.180	4.060	0.000000	74.64	60.11	0.00	50
MOS	2011-09-22	2.856630	3.500620e+4	73.180	63.590	73.180	57.510	63.590	71.070	63.590	73.180	4.690	0.000000	74.61	63.59	0.00	51
MOS	2011-09-21	2.760140	3.623000e+4	73.180	65.450	73.180	57.510	66.040	71.120	65.450	73.180	3.310	0.000000	74.56	65.45	0.00	52
MOS	2011-09-20	2.731200	3.661390e+4	73.180	62.790	73.180	57.510	68.510	71.120	62.790	73.180	3.210	0.000000	74.55	62.79	0.00	53
MOS	2011-09-19	2.706000	3.695490e+4	73.180	62.790	73.180	57.510	69.490	71.120	62.790	73.180	2.940	0.000000	74.53	62.79	0.00	54
