#Header line 	date 	volatility 	unit 		brkh20 	brkl20 	brkh55 	brkl55 	low10 	high10 	low20 	high20 	truerng	ignore20	add 	sellall	normalizedprice
SQP	2011-12-02	0.122243	8.180430e+5	5.650	5.010	5.650	4.050	5.010	5.500	5.010	5.650	0.050	0.000000	5.71	5.01	0.00	1
SQP	2011-12-01	0.126045	7.933660e+5	5.650	5.000	5.650	4.050	5.010	5.500	5.000	5.650	0.050	0.000000	5.71	5.00	0.00	2
SQP	2011-11-30	0.130048	7.689490e+5	5.650	5.000	5.650	4.050	5.010	5.600	5.000	5.650	0.000	0.000000	5.72	5.00	0.00	3
SQP	2011-11-29	0.136892	7.305010e+5	5.650	5.000	5.650	4.050	5.010	5.600	5.000	5.650	0.140	0.000000	5.72	5.00	0.00	4
SQP	2011-11-28	0.136729	7.313750e+5	5.650	5.000	5.650	4.050	5.150	5.600	5.000	5.650	0.140	0.000000	5.72	5.00	0.00	5
SQP	2011-11-25	0.136557	7.322980e+5	5.650	5.000	5.650	4.050	5.200	5.600	5.000	5.650	0.170	0.000000	5.72	5.00	0.00	6
SQP	2011-11-24	0.134796	7.418600e+5	5.650	5.000	5.650	4.050	5.200	5.600	5.000	5.650	0.000	0.000000	5.72	5.00	0.00	7
SQP	2011-11-23	0.141891	7.047670e+5	5.650	4.850	5.650	4.050	5.200	5.600	4.850	5.650	0.000	0.000000	5.72	4.85	0.00	8
SQP	2011-11-22	0.149359	6.695290e+5	5.650	4.850	5.650	4.050	5.200	5.650	4.850	5.650	0.000	0.000000	5.72	4.85	0.00	9
SQP	2011-11-21	0.157220	6.360520e+5	5.650	4.840	5.650	4.050	5.190	5.650	4.840	5.650	0.300	0.000000	5.73	4.84	0.00	10
SQP	2011-11-18	0.149705	6.679800e+5	5.650	4.840	5.650	4.050	5.020	5.650	4.840	5.650	0.010	0.000000	5.72	4.84	0.00	11
SQP	2011-11-17	0.157058	6.367080e+5	5.650	4.840	5.650	4.050	5.000	5.650	4.840	5.650	0.100	0.000000	5.73	4.84	0.00	12
SQP	2011-11-16	0.160061	6.247620e+5	5.650	4.800	5.650	4.050	5.000	5.650	4.800	5.650	0.190	0.000000	5.73	4.80	0.00	13
SQP	2011-11-15	0.158485	6.309730e+5	5.650	4.800	5.650	4.050	5.000	5.650	4.800	5.650	0.070	0.000000	5.73	4.80	0.00	14
SQP	2011-11-14	0.163142	6.129610e+5	5.650	4.750	5.650	4.050	5.000	5.650	4.750	5.650	0.030	0.000000	5.73	4.75	0.00	15
SQP	2011-11-11	0.170150	5.877170e+5	5.650	4.750	5.650	4.050	5.000	5.650	4.750	5.650	0.150	0.000000	5.74	4.75	0.00	16
SQP	2011-11-10	0.171210	5.840770e+5	5.650	4.700	5.650	4.050	5.000	5.650	4.700	5.650	0.010	0.000000	5.74	4.70	0.00	17
SQP	2011-11-09	0.179695	5.564980e+5	5.650	4.700	5.650	4.050	4.850	5.650	4.700	5.650	0.230	0.000000	5.74	4.70	0.00	18
SQP	2011-11-08	0.177048	5.648200e+5	5.400	4.700	5.400	4.050	4.850	5.400	4.700	5.400	0.510	0.000000	5.49	4.70	0.00	19
SQP	2011-11-07	0.159524	6.268660e+5	5.400	4.460	5.400	4.050	4.840	5.400	4.460	5.400	0.200	0.000000	5.48	4.46	0.00	20
SQP	2011-11-04	0.157393	6.353510e+5	5.400	4.460	5.400	4.050	4.840	5.400	4.460	5.400	0.220	0.000000	5.48	4.46	0.00	21
SQP	2011-11-03	0.154098	6.489360e+5	5.400	4.230	5.400	4.050	4.840	5.400	4.230	5.400	0.250	0.000000	5.48	4.23	0.00	22
SQP	2011-11-02	0.149051	6.709120e+5	5.400	4.050	5.400	4.050	4.800	5.400	4.050	5.400	0.520	0.000000	5.47	4.05	0.00	23
SQP	2011-11-01	0.129527	7.720380e+5	5.400	4.050	5.400	4.050	4.800	5.400	4.050	5.400	0.000	0.000000	5.46	4.05	0.00	24
SQP	2011-10-31	0.136344	7.334360e+5	5.390	4.050	5.390	4.050	4.750	5.390	4.050	5.390	0.010	0.000000	5.46	4.05	0.00	25
SQP	2011-10-28	0.142994	6.993290e+5	5.110	4.050	5.270	4.050	4.750	5.110	4.050	5.110	0.280	0.000000	5.18	4.05	0.00	26
SQP	2011-10-27	0.135783	7.364670e+5	4.850	4.050	5.270	4.050	4.700	4.850	4.050	4.850	0.450	0.000000	4.92	4.05	0.00	27
SQP	2011-10-26	0.119246	8.386050e+5	4.850	4.050	5.270	4.050	4.700	4.850	4.050	4.850	0.000	0.000000	4.91	4.05	0.00	28
SQP	2011-10-25	0.125522	7.966750e+5	4.850	4.050	5.270	4.050	4.700	4.850	4.050	4.850	0.010	0.000000	4.91	4.05	0.00	29
SQP	2011-10-24	0.131602	7.598680e+5	4.850	4.050	5.270	4.050	4.460	4.850	4.050	4.850	0.140	0.000000	4.92	4.05	0.00	30
SQP	2011-10-21	0.131160	7.624290e+5	4.850	4.050	5.270	4.050	4.460	4.850	4.050	4.850	0.000	0.000000	4.92	4.05	0.00	31
SQP	2011-10-20	0.138063	7.243070e+5	4.800	4.050	5.270	4.050	4.230	4.800	4.050	4.800	0.100	0.000000	4.87	4.05	0.00	32
SQP	2011-10-19	0.140066	7.139480e+5	4.800	4.050	5.300	4.050	4.050	4.800	4.050	4.800	0.120	0.000000	4.87	4.05	0.00	33
SQP	2011-10-18	0.141122	7.086050e+5	4.800	4.050	5.300	4.050	4.050	4.750	4.050	4.800	0.140	0.000000	4.87	4.05	0.00	34
SQP	2011-10-17	0.141181	7.083080e+5	5.100	4.050	5.300	4.050	4.050	4.750	4.050	5.100	0.000	0.000000	5.17	4.05	0.00	35
SQP	2011-10-14	0.148612	6.728930e+5	5.100	4.050	5.300	4.050	4.050	4.740	4.050	5.100	0.050	0.000000	5.17	4.05	0.00	36
SQP	2011-10-13	0.153802	6.501860e+5	5.150	4.050	5.300	4.050	4.050	4.740	4.050	5.150	0.000	0.000000	5.23	4.05	0.00	37
SQP	2011-10-12	0.161897	6.176770e+5	5.150	4.050	5.300	4.050	4.050	4.740	4.050	5.150	0.040	0.000000	5.23	4.05	0.00	38
SQP	2011-10-11	0.168313	5.941320e+5	5.150	4.050	5.300	4.050	4.050	4.540	4.050	5.150	0.280	0.000000	5.23	4.05	0.00	39
SQP	2011-10-07	0.162434	6.156330e+5	5.150	4.050	5.300	4.050	4.050	4.540	4.050	5.150	0.140	0.000000	5.23	4.05	0.00	40
SQP	2011-10-06	0.163615	6.111900e+5	5.250	4.050	5.300	4.050	4.050	4.540	4.050	5.250	0.280	0.000000	5.33	4.05	0.00	41
SQP	2011-10-05	0.157490	6.349630e+5	5.250	4.050	5.300	4.050	4.050	4.700	4.050	5.250	0.430	0.000000	5.33	4.05	0.00	42
SQP	2011-10-04	0.143147	6.985830e+5	5.250	4.230	5.300	4.230	4.230	4.760	4.230	5.250	0.420	0.000000	5.32	4.23	0.00	43
SQP	2011-10-03	0.128576	7.777520e+5	5.250	4.230	5.300	4.230	4.230	4.800	4.230	5.250	0.200	0.000000	5.31	4.23	0.00	44
SQP	2011-09-30	0.124817	8.011760e+5	5.250	4.230	5.300	4.230	4.230	5.100	4.230	5.250	0.040	0.000000	5.31	4.23	0.00	45
SQP	2011-09-29	0.129281	7.735110e+5	5.250	4.230	5.300	4.230	4.230	5.100	4.230	5.250	0.310	0.000000	5.31	4.23	0.00	46
SQP	2011-09-28	0.119769	8.349400e+5	5.250	4.250	5.300	4.250	4.250	5.150	4.250	5.250	0.220	0.000000	5.31	4.25	0.00	47
SQP	2011-09-27	0.114494	8.734100e+5	5.250	4.250	5.300	4.250	4.250	5.150	4.250	5.250	0.050	0.000000	5.31	4.25	0.00	48
SQP	2011-09-26	0.117888	8.482620e+5	5.250	4.250	5.330	4.250	4.250	5.150	4.250	5.250	0.100	0.000000	5.31	4.25	0.00	49
SQP	2011-09-23	0.118830	8.415410e+5	5.250	4.450	5.330	4.450	4.450	5.150	4.450	5.250	0.200	0.000000	5.31	4.45	0.00	50
SQP	2011-09-22	0.114557	8.729240e+5	5.250	4.700	5.330	4.620	4.700	5.250	4.700	5.250	0.300	0.000000	5.31	4.70	0.00	51
SQP	2011-09-21	0.104797	9.542230e+5	5.250	4.760	5.440	4.620	4.760	5.250	4.760	5.250	0.160	0.000000	5.30	4.76	0.00	52
SQP	2011-09-20	0.101892	9.814320e+5	5.250	4.800	5.440	4.620	4.800	5.250	4.800	5.250	0.070	0.000000	5.30	4.80	0.00	53
SQP	2011-09-19	0.103570	9.655260e+5	5.250	4.830	5.440	4.620	5.100	5.250	4.830	5.250	0.340	0.000000	5.30	4.83	0.00	54
