#Header line 	date 	volatility 	unit 		brkh20 	brkl20 	brkh55 	brkl55 	low10 	high10 	low20 	high20 	truerng	ignore20	add 	sellall	normalizedprice
JNJ	2011-12-02	1.105670	9.044290e+4	65.250	61.270	65.600	61.270	61.270	64.720	61.270	65.250	1.590	0.000000	65.80	61.27	0.00	1
JNJ	2011-12-01	1.080180	9.257720e+4	65.250	61.270	65.600	61.270	61.270	64.720	61.270	65.250	0.600	0.000000	65.79	61.27	0.00	2
JNJ	2011-11-30	1.105450	9.046070e+4	65.250	61.270	65.600	61.270	61.270	64.990	61.270	65.250	1.960	0.000000	65.80	61.27	0.00	3
JNJ	2011-11-29	1.060480	9.429730e+4	65.250	61.270	65.600	61.270	61.270	64.990	61.270	65.250	0.760	0.000000	65.78	61.27	0.00	4
JNJ	2011-11-28	1.076290	9.291170e+4	65.600	61.270	65.600	61.270	61.270	65.250	61.270	65.600	1.440	0.000000	66.14	61.27	0.00	5
JNJ	2011-11-25	1.057150	9.459410e+4	65.600	61.990	65.600	61.590	61.990	65.250	61.990	65.600	0.940	0.000000	66.13	61.99	0.00	6
JNJ	2011-11-23	1.063310	9.404560e+4	65.600	62.900	65.600	61.590	62.900	65.250	62.900	65.600	0.910	0.000000	66.13	62.90	0.00	7
JNJ	2011-11-22	1.071380	9.333730e+4	65.600	62.940	65.600	61.590	62.940	65.250	62.940	65.600	0.500	0.000000	66.14	62.94	0.00	8
JNJ	2011-11-21	1.101460	9.078900e+4	65.600	63.380	65.600	61.590	63.530	65.250	63.380	65.600	0.970	0.000000	66.15	63.38	0.00	9
JNJ	2011-11-18	1.108370	9.022220e+4	65.600	63.380	65.600	61.590	63.530	65.250	63.380	65.600	0.640	0.000000	66.15	63.38	0.00	10
JNJ	2011-11-17	1.133030	8.825930e+4	65.600	62.530	65.800	61.590	63.530	65.250	62.530	65.600	1.210	0.000000	66.17	62.53	0.00	11
JNJ	2011-11-16	1.128970	8.857600e+4	65.600	62.530	65.800	61.590	63.530	65.250	62.530	65.600	0.860	0.000000	66.16	62.53	0.00	12
JNJ	2011-11-15	1.143130	8.747910e+4	65.600	62.530	65.860	61.590	63.380	65.250	62.530	65.600	0.780	0.000000	66.17	62.53	0.00	13
JNJ	2011-11-14	1.162240	8.604050e+4	65.600	62.530	65.860	61.590	63.380	65.250	62.530	65.600	0.680	0.000000	66.18	62.53	0.00	14
JNJ	2011-11-11	1.187620	8.420170e+4	65.600	62.530	65.860	61.590	63.380	65.600	62.530	65.600	1.370	0.000000	66.19	62.53	0.00	15
JNJ	2011-11-10	1.178030	8.488780e+4	65.600	62.530	65.860	61.590	63.380	65.600	62.530	65.600	0.890	0.000000	66.19	62.53	0.00	16
JNJ	2011-11-09	1.193180	8.380930e+4	65.600	62.530	65.860	61.590	63.380	65.600	62.530	65.600	1.760	0.000000	66.20	62.53	0.00	17
JNJ	2011-11-08	1.163350	8.595850e+4	65.600	62.530	65.860	61.590	63.380	65.600	62.530	65.600	1.040	0.000000	66.18	62.53	0.00	18
JNJ	2011-11-07	1.169840	8.548150e+4	65.600	62.530	65.860	61.590	63.380	65.600	62.530	65.600	1.090	0.000000	66.18	62.53	0.00	19
JNJ	2011-11-04	1.174050	8.517550e+4	65.600	62.530	65.860	61.590	63.380	65.600	62.530	65.600	1.130	0.000000	66.19	62.53	0.00	20
JNJ	2011-11-03	1.176360	8.500760e+4	65.600	62.530	65.860	61.590	62.530	65.600	62.530	65.600	0.880	0.000000	66.19	62.53	0.00	21
JNJ	2011-11-02	1.191960	8.389520e+4	65.600	62.350	65.860	61.590	62.530	65.600	62.350	65.600	1.010	0.000000	66.20	62.35	0.00	22
JNJ	2011-11-01	1.201540	8.322650e+4	65.600	62.170	65.860	61.590	62.530	65.600	62.170	65.600	1.210	0.000000	66.20	62.17	0.00	23
JNJ	2011-10-31	1.201090	8.325740e+4	65.600	62.080	65.860	61.590	62.530	65.600	62.080	65.600	1.480	0.000000	66.20	62.08	0.00	24
JNJ	2011-10-28	1.186420	8.428750e+4	65.500	62.080	65.860	61.590	62.530	65.500	62.080	65.500	0.820	0.000000	66.09	62.08	0.00	25
JNJ	2011-10-27	1.205700	8.293930e+4	64.730	62.080	65.860	60.200	62.530	64.730	62.080	64.730	1.200	0.000000	65.33	62.08	0.00	26
JNJ	2011-10-26	1.206000	8.291870e+4	64.730	62.080	65.860	60.200	62.530	64.730	62.080	64.730	0.910	0.000000	65.33	62.08	0.00	27
JNJ	2011-10-25	1.221580	8.186120e+4	64.730	62.080	65.860	60.200	62.530	64.730	62.080	64.730	1.270	0.000000	65.34	62.08	0.00	28
JNJ	2011-10-24	1.219030	8.203240e+4	64.720	62.080	65.860	60.200	62.530	64.720	62.080	64.720	1.190	0.000000	65.33	62.08	0.00	29
JNJ	2011-10-21	1.220560	8.192970e+4	64.720	61.590	65.860	60.200	62.530	64.720	61.590	64.720	1.310	0.000000	65.33	61.59	0.00	30
JNJ	2011-10-20	1.215850	8.224690e+4	64.720	61.590	65.860	60.200	62.640	64.720	61.590	64.720	0.820	0.000000	65.33	61.59	0.00	31
JNJ	2011-10-19	1.236690	8.086130e+4	64.720	61.590	65.860	60.200	62.350	64.720	61.590	64.720	2.350	0.000000	65.34	61.59	0.00	32
JNJ	2011-10-18	1.178090	8.488310e+4	64.720	61.590	65.860	60.200	62.170	64.720	61.590	64.720	1.340	0.000000	65.31	61.59	0.00	33
JNJ	2011-10-17	1.169570	8.550160e+4	64.720	61.590	65.860	60.200	62.080	64.720	61.590	64.720	1.220	0.000000	65.30	61.59	0.00	34
JNJ	2011-10-14	1.166910	8.569610e+4	64.590	61.590	65.860	60.200	62.080	64.430	61.590	64.590	0.570	0.000000	65.17	61.59	0.00	35
JNJ	2011-10-13	1.198330	8.344940e+4	64.590	61.590	65.860	60.200	62.080	64.430	61.590	64.590	0.880	0.000000	65.19	61.59	0.00	36
JNJ	2011-10-12	1.215090	8.229870e+4	64.590	61.590	65.920	60.200	62.080	64.430	61.590	64.590	0.820	0.000000	65.20	61.59	0.00	37
JNJ	2011-10-11	1.235880	8.091400e+4	64.590	61.590	66.250	60.200	62.080	64.430	61.590	64.590	0.580	0.000000	65.21	61.59	0.00	38
JNJ	2011-10-10	1.270400	7.871540e+4	64.590	61.590	66.720	60.200	62.080	63.900	61.590	64.590	1.300	0.000000	65.23	61.59	0.00	39
JNJ	2011-10-07	1.268840	7.881210e+4	64.590	61.590	66.720	60.200	61.590	63.900	61.590	64.590	0.910	0.000000	65.22	61.59	0.00	40
JNJ	2011-10-06	1.287730	7.765620e+4	64.950	61.590	66.720	60.200	61.590	63.900	61.590	64.950	0.730	0.000000	65.59	61.59	0.00	41
JNJ	2011-10-05	1.317080	7.592540e+4	65.430	61.590	66.720	60.200	61.590	63.900	61.590	65.430	0.910	0.000000	66.09	61.59	0.00	42
JNJ	2011-10-04	1.338510	7.471010e+4	65.430	61.590	67.090	60.200	61.590	64.220	61.590	65.430	1.500	0.000000	66.10	61.59	0.00	43
JNJ	2011-10-03	1.330010	7.518750e+4	65.430	61.590	67.450	60.200	61.590	64.220	61.590	65.430	2.160	0.000000	66.09	61.59	0.00	44
JNJ	2011-09-30	1.286320	7.774090e+4	65.430	61.590	67.660	60.200	61.590	64.590	61.590	65.430	1.590	0.000000	66.07	61.59	0.00	45
JNJ	2011-09-29	1.270340	7.871900e+4	65.800	61.590	67.660	60.200	61.590	64.590	61.590	65.800	1.220	0.000000	66.44	61.59	0.00	46
JNJ	2011-09-28	1.272990	7.855520e+4	65.800	61.590	67.660	60.200	61.590	64.590	61.590	65.800	1.310	0.000000	66.44	61.59	0.00	47
JNJ	2011-09-27	1.271040	7.867560e+4	65.860	61.590	67.660	60.200	61.590	64.590	61.590	65.860	1.660	0.000000	66.50	61.59	0.00	48
JNJ	2011-09-26	1.250570	7.996350e+4	65.860	61.590	67.660	60.200	61.590	64.590	61.590	65.860	1.260	0.000000	66.49	61.59	0.00	49
JNJ	2011-09-23	1.250070	7.999520e+4	65.860	61.920	67.920	60.200	61.920	64.590	61.920	65.860	0.920	0.000000	66.48	61.92	0.00	50
JNJ	2011-09-22	1.267450	7.889870e+4	65.860	63.130	67.920	60.200	63.130	64.950	63.130	65.860	1.990	0.000000	66.49	63.13	0.00	51
JNJ	2011-09-21	1.229420	8.133930e+4	65.860	63.590	67.920	60.200	63.590	65.430	63.590	65.860	1.500	0.000000	66.47	63.59	0.00	52
JNJ	2011-09-20	1.215180	8.229250e+4	65.860	63.290	67.920	60.200	63.590	65.430	63.290	65.860	1.060	0.000000	66.47	63.29	0.00	53
JNJ	2011-09-19	1.223340	8.174310e+4	65.860	63.140	67.920	60.200	63.590	65.430	63.140	65.860	0.960	0.000000	66.47	63.14	0.00	54
