#Header line 	date 	volatility 	unit 		brkh20 	brkl20 	brkh55 	brkl55 	low10 	high10 	low20 	high20 	truerng	ignore20	add 	sellall	normalizedprice
CPG	2011-12-01	0.921019	1.085750e+5	44.350	40.980	44.350	37.490	42.390	44.350	40.980	44.350	0.840	0.000000	44.81	40.98	0.00	1
CPG	2011-11-30	0.925283	1.080750e+5	43.530	40.980	43.590	37.490	42.340	43.530	40.980	43.530	0.820	0.000000	43.99	40.98	0.00	2
CPG	2011-11-29	0.930825	1.074320e+5	43.460	40.980	43.590	37.490	40.980	43.150	40.980	43.460	0.400	0.000000	43.93	40.98	0.00	3
CPG	2011-11-28	0.958763	1.043010e+5	43.460	40.980	43.590	37.490	40.980	43.100	40.980	43.460	0.920	0.000000	43.94	40.98	0.00	4
CPG	2011-11-25	0.960803	1.040800e+5	43.460	40.980	43.590	37.490	40.980	43.100	40.980	43.460	0.690	0.000000	43.94	40.98	0.00	5
CPG	2011-11-24	0.975056	1.025580e+5	43.500	40.980	43.590	37.490	40.980	43.100	40.980	43.500	0.360	0.000000	43.99	40.98	0.00	6
CPG	2011-11-23	1.007430	9.926280e+4	43.500	40.980	43.590	37.490	40.980	43.100	40.980	43.500	1.050	0.000000	44.00	40.98	0.00	7
CPG	2011-11-22	1.005190	9.948400e+4	43.500	40.980	43.590	37.490	40.980	43.460	40.980	43.500	0.510	0.000000	44.00	40.98	0.00	8
CPG	2011-11-21	1.031250	9.696980e+4	43.590	40.980	43.590	37.490	40.980	43.460	40.980	43.590	0.810	0.000000	44.11	40.98	0.00	9
CPG	2011-11-18	1.042890	9.588710e+4	43.590	40.980	44.450	37.490	40.980	43.460	40.980	43.590	0.590	0.000000	44.11	40.98	0.00	10
CPG	2011-11-17	1.066730	9.374440e+4	43.590	40.980	44.450	37.490	40.980	43.460	40.980	43.590	0.860	0.000000	44.12	40.98	0.00	11
CPG	2011-11-16	1.077610	9.279790e+4	43.590	40.980	44.450	37.490	40.980	43.460	40.980	43.590	1.450	0.000000	44.13	40.98	0.00	12
CPG	2011-11-15	1.058010	9.451700e+4	43.590	41.090	44.450	37.490	41.090	43.460	41.090	43.590	0.550	0.000000	44.12	41.09	0.00	13
CPG	2011-11-14	1.084750	9.218730e+4	43.590	41.700	44.450	37.490	41.700	43.460	41.700	43.590	1.230	0.000000	44.13	41.70	0.00	14
CPG	2011-11-11	1.077100	9.284160e+4	43.590	41.700	44.450	37.490	41.700	43.460	41.700	43.590	0.540	0.000000	44.13	41.70	0.00	15
CPG	2011-11-10	1.105370	9.046730e+4	43.590	41.700	44.450	37.490	41.700	43.500	41.700	43.590	1.120	0.000000	44.14	41.70	0.00	16
CPG	2011-11-09	1.104600	9.053030e+4	43.590	41.910	44.450	37.490	42.330	43.500	41.910	43.590	1.840	0.000000	44.14	41.91	0.00	17
CPG	2011-11-08	1.065900	9.381770e+4	43.590	39.960	44.450	37.490	42.330	43.500	39.960	43.590	0.380	0.000000	44.12	39.96	0.00	18
CPG	2011-11-07	1.102000	9.074430e+4	43.590	39.160	44.450	37.490	42.330	43.590	39.160	43.590	0.630	0.000000	44.14	39.16	0.00	19
CPG	2011-11-04	1.126840	8.874380e+4	43.590	38.900	44.450	37.490	42.330	43.590	38.900	43.590	0.770	0.000000	44.15	38.90	0.00	20
CPG	2011-11-03	1.145620	8.728900e+4	43.590	38.490	44.450	37.490	42.330	43.590	38.490	43.590	1.440	0.000000	44.16	38.49	0.00	21
CPG	2011-11-02	1.130130	8.848570e+4	43.590	37.490	44.450	37.490	42.330	43.590	37.490	43.590	0.940	0.000000	44.16	37.49	0.00	22
CPG	2011-11-01	1.140130	8.770910e+4	43.590	37.490	44.450	37.490	42.570	43.590	37.490	43.590	1.230	0.000000	44.16	37.49	0.00	23
CPG	2011-10-31	1.135400	8.807440e+4	43.590	37.490	44.450	37.490	41.980	43.590	37.490	43.590	0.900	0.000000	44.16	37.49	0.00	24
CPG	2011-10-28	1.147790	8.712370e+4	43.590	37.490	44.450	37.490	41.980	43.590	37.490	43.590	0.600	0.000000	44.16	37.49	0.00	25
CPG	2011-10-27	1.176620	8.498890e+4	43.590	37.490	44.450	37.490	41.980	43.590	37.490	43.590	0.870	0.000000	44.18	37.49	0.00	26
CPG	2011-10-26	1.192760	8.383900e+4	43.590	37.490	44.450	37.490	41.910	43.590	37.490	43.590	0.700	0.000000	44.19	37.49	0.00	27
CPG	2011-10-25	1.218700	8.205490e+4	43.590	37.490	44.450	37.490	39.960	43.590	37.490	43.590	0.690	0.000000	44.20	37.49	0.00	28
CPG	2011-10-24	1.246520	8.022310e+4	43.200	37.490	44.450	37.490	39.160	43.200	37.490	43.200	0.500	0.000000	43.82	37.49	0.00	29
CPG	2011-10-21	1.285810	7.777180e+4	43.200	37.490	44.450	37.490	38.900	43.200	37.490	43.200	0.990	0.000000	43.84	37.49	0.00	30
CPG	2011-10-20	1.301380	7.684130e+4	43.100	37.490	44.450	37.490	38.490	43.100	37.490	43.100	1.080	0.000000	43.75	37.49	0.00	31
CPG	2011-10-19	1.313030	7.615950e+4	43.100	37.490	44.450	37.490	37.490	43.100	37.490	43.100	1.060	0.000000	43.76	37.49	0.00	32
CPG	2011-10-18	1.326350	7.539480e+4	43.080	37.490	44.450	37.490	37.490	43.080	37.490	43.080	2.040	0.000000	43.74	37.49	0.00	33
CPG	2011-10-17	1.288790	7.759210e+4	43.080	37.490	44.450	37.490	37.490	43.080	37.490	43.080	1.510	0.000000	43.72	37.49	0.00	34
CPG	2011-10-14	1.277150	7.829940e+4	42.950	37.490	44.450	37.490	37.490	42.000	37.490	42.950	1.080	0.000000	43.59	37.49	0.00	35
CPG	2011-10-13	1.287530	7.766840e+4	42.950	37.490	44.450	37.490	37.490	41.910	37.490	42.950	1.110	0.000000	43.59	37.49	0.00	36
CPG	2011-10-12	1.296870	7.710880e+4	42.950	37.490	44.450	37.490	37.490	39.960	37.490	42.950	2.330	0.000000	43.60	37.49	0.00	37
CPG	2011-10-11	1.242490	8.048330e+4	42.950	37.490	44.450	37.490	37.490	39.550	37.490	42.950	1.840	0.000000	43.57	37.49	0.00	38
CPG	2011-10-07	1.211050	8.257320e+4	42.950	37.490	44.450	37.490	37.490	39.550	37.490	42.950	0.870	0.000000	43.56	37.49	0.00	39
CPG	2011-10-06	1.229000	8.136720e+4	42.950	37.490	44.450	37.490	37.490	39.550	37.490	42.950	1.130	0.000000	43.56	37.49	0.00	40
CPG	2011-10-05	1.234210	8.102380e+4	42.950	37.490	44.450	37.490	37.490	40.410	37.490	42.950	1.670	0.000000	43.57	37.49	0.00	41
CPG	2011-10-04	1.211270	8.255800e+4	42.950	37.930	44.450	37.620	37.930	41.900	37.930	42.950	2.420	0.000000	43.56	37.93	0.00	42
CPG	2011-10-03	1.147650	8.713440e+4	42.950	38.120	44.450	37.620	38.120	41.900	38.120	42.950	2.540	0.000000	43.52	38.12	0.00	43
CPG	2011-09-30	1.074370	9.307780e+4	43.520	38.120	44.450	37.620	38.120	42.430	38.120	43.520	0.860	0.000000	44.06	38.12	0.00	44
CPG	2011-09-29	1.085650	9.211040e+4	44.450	38.120	44.450	37.620	38.120	42.950	38.120	44.450	1.050	0.000000	44.99	38.12	0.00	45
CPG	2011-09-28	1.087530	9.195150e+4	44.450	38.120	44.450	37.620	38.120	42.950	38.120	44.450	1.090	0.000000	44.99	38.12	0.00	46
CPG	2011-09-27	1.087400	9.196250e+4	44.450	38.120	44.450	37.620	38.120	42.950	38.120	44.450	1.630	0.000000	44.99	38.12	0.00	47
CPG	2011-09-26	1.058840	9.444280e+4	44.450	38.120	44.450	37.620	38.120	42.950	38.120	44.450	1.480	0.000000	44.98	38.12	0.00	48
CPG	2011-09-23	1.036680	9.646220e+4	44.450	39.080	44.450	37.620	39.080	42.950	39.080	44.450	1.310	0.000000	44.97	39.08	0.00	49
CPG	2011-09-22	1.022290	9.781960e+4	44.450	40.410	44.450	37.620	40.410	42.950	40.410	44.450	2.170	0.000000	44.96	40.41	0.00	50
CPG	2011-09-21	0.961884	1.039630e+5	44.450	41.430	44.650	37.620	41.430	42.950	41.430	44.450	1.620	0.000000	44.93	41.43	0.00	51
CPG	2011-09-20	0.927247	1.078460e+5	44.450	41.430	44.650	37.620	41.430	42.950	41.430	44.450	0.400	0.000000	44.91	41.43	0.00	52
CPG	2011-09-19	0.954996	1.047120e+5	44.450	41.430	44.650	37.620	41.430	42.950	41.430	44.450	0.730	0.000000	44.93	41.43	0.00	53
