#Header line 	date 	volatility 	unit 		brkh20 	brkl20 	brkh55 	brkl55 	low10 	high10 	low20 	high20 	truerng	ignore20	add 	sellall	normalizedprice
CNQ	2011-12-01	1.335370	7.488560e+4	38.690	33.960	38.690	28.900	33.960	38.310	33.960	38.690	0.830	0.000000	39.36	33.96	0.00	1
CNQ	2011-11-30	1.361970	7.342320e+4	38.690	33.960	38.690	28.900	33.960	38.690	33.960	38.690	1.960	0.000000	39.37	33.96	0.00	2
CNQ	2011-11-29	1.330490	7.516010e+4	38.690	33.960	38.690	28.900	33.960	38.690	33.960	38.690	1.270	0.000000	39.36	33.96	0.00	3
CNQ	2011-11-28	1.333680	7.498070e+4	38.690	33.960	38.690	28.900	33.960	38.690	33.960	38.690	2.020	0.000000	39.36	33.96	0.00	4
CNQ	2011-11-25	1.297550	7.706810e+4	38.690	34.050	38.690	28.900	34.740	38.690	34.050	38.690	1.350	0.000000	39.34	34.05	0.00	5
CNQ	2011-11-24	1.294790	7.723240e+4	38.690	34.050	38.690	28.900	34.990	38.690	34.050	38.690	0.600	0.000000	39.34	34.05	0.00	6
CNQ	2011-11-23	1.331360	7.511110e+4	38.690	34.050	38.690	28.900	36.170	38.690	34.050	38.690	1.530	0.000000	39.36	34.05	0.00	7
CNQ	2011-11-22	1.320910	7.570550e+4	38.690	33.840	38.690	28.900	36.480	38.690	33.840	38.690	0.900	0.000000	39.35	33.84	0.00	8
CNQ	2011-11-21	1.343060	7.445680e+4	38.690	33.840	38.690	28.900	36.970	38.690	33.840	38.690	1.290	0.000000	39.36	33.84	0.00	9
CNQ	2011-11-18	1.345850	7.430230e+4	38.690	33.660	38.690	28.900	36.970	38.690	33.660	38.690	1.230	0.000000	39.36	33.66	0.00	10
CNQ	2011-11-17	1.351950	7.396720e+4	38.690	32.430	38.690	28.900	36.970	38.690	32.430	38.690	1.990	0.000000	39.37	32.43	0.00	11
CNQ	2011-11-16	1.318370	7.585130e+4	38.550	32.430	38.550	28.900	34.980	38.550	32.430	38.550	1.940	0.000000	39.21	32.43	0.00	12
CNQ	2011-11-15	1.285650	7.778160e+4	38.550	32.430	38.550	28.900	34.050	38.550	32.430	38.550	0.710	0.000000	39.19	32.43	0.00	13
CNQ	2011-11-14	1.315950	7.599080e+4	38.550	31.960	38.550	28.900	34.050	38.550	31.960	38.550	0.810	0.000000	39.21	31.96	0.00	14
CNQ	2011-11-11	1.342580	7.448360e+4	38.550	31.960	38.550	28.900	34.050	38.550	31.960	38.550	1.120	0.000000	39.22	31.96	0.00	15
CNQ	2011-11-10	1.354290	7.383930e+4	38.550	31.730	38.550	28.900	34.050	38.550	31.730	38.550	1.260	0.000000	39.23	31.73	0.00	16
CNQ	2011-11-09	1.359260	7.356970e+4	38.550	31.730	38.550	28.900	34.050	38.550	31.730	38.550	1.590	0.000000	39.23	31.73	0.00	17
CNQ	2011-11-08	1.347110	7.423290e+4	38.230	31.210	38.230	28.900	33.840	38.230	31.210	38.230	0.810	0.000000	38.90	31.21	0.00	18
CNQ	2011-11-07	1.375380	7.270720e+4	38.230	30.200	38.230	28.900	33.840	38.230	30.200	38.230	0.980	0.000000	38.92	30.20	0.00	19
CNQ	2011-11-04	1.396190	7.162350e+4	38.230	30.200	38.230	28.900	33.660	38.230	30.200	38.230	1.090	0.000000	38.93	30.20	0.00	20
CNQ	2011-11-03	1.412300	7.080630e+4	36.580	30.200	37.000	28.900	32.430	36.580	30.200	36.580	3.310	0.000000	37.29	30.20	0.00	21
CNQ	2011-11-02	1.312430	7.619480e+4	36.580	28.900	37.000	28.900	32.430	36.580	28.900	36.580	1.090	0.000000	37.24	28.90	0.00	22
CNQ	2011-11-01	1.324130	7.552110e+4	36.580	28.900	37.000	28.900	32.430	36.580	28.900	36.580	1.880	0.000000	37.24	28.90	0.00	23
CNQ	2011-10-31	1.294880	7.722750e+4	36.580	28.900	37.000	28.900	31.960	36.580	28.900	36.580	1.420	0.000000	37.23	28.90	0.00	24
CNQ	2011-10-28	1.288290	7.762220e+4	36.040	28.900	37.000	28.900	31.960	36.040	28.900	36.040	0.840	0.000000	36.68	28.90	0.00	25
CNQ	2011-10-27	1.311890	7.622620e+4	34.520	28.900	37.000	28.900	31.730	34.520	28.900	34.520	2.010	0.000000	35.18	28.90	0.00	26
CNQ	2011-10-26	1.275140	7.842260e+4	34.520	28.900	37.000	28.900	31.730	34.520	28.900	34.520	1.190	0.000000	35.16	28.90	0.00	27
CNQ	2011-10-25	1.279620	7.814800e+4	34.520	28.900	37.000	28.900	31.210	34.520	28.900	34.520	1.150	0.000000	35.16	28.90	0.00	28
CNQ	2011-10-24	1.286450	7.773360e+4	33.660	28.900	37.000	28.900	30.200	33.660	28.900	33.660	0.860	0.000000	34.30	28.90	0.00	29
CNQ	2011-10-21	1.308890	7.640060e+4	32.960	28.900	37.000	28.900	30.200	32.960	28.900	32.960	1.300	0.000000	33.61	28.90	0.00	30
CNQ	2011-10-20	1.309360	7.637330e+4	32.960	28.900	37.110	28.900	30.200	32.960	28.900	32.960	1.210	0.000000	33.61	28.90	0.00	31
CNQ	2011-10-19	1.314590	7.606950e+4	32.960	28.900	38.580	28.900	28.900	32.960	28.900	32.960	0.890	0.000000	33.62	28.90	0.00	32
CNQ	2011-10-18	1.336930	7.479800e+4	33.480	28.900	39.230	28.900	28.900	32.940	28.900	33.480	1.580	0.000000	34.15	28.90	0.00	33
CNQ	2011-10-17	1.324140	7.552060e+4	34.200	28.900	39.480	28.900	28.900	32.940	28.900	34.200	1.250	0.000000	34.86	28.90	0.00	34
CNQ	2011-10-14	1.328040	7.529870e+4	35.220	28.900	40.620	28.900	28.900	32.040	28.900	35.220	1.340	0.000000	35.88	28.90	0.00	35
CNQ	2011-10-13	1.327410	7.533440e+4	35.220	28.900	41.390	28.900	28.900	32.040	28.900	35.220	0.820	0.000000	35.88	28.90	0.00	36
CNQ	2011-10-12	1.354120	7.384870e+4	35.220	28.900	41.540	28.900	28.900	31.770	28.900	35.220	1.150	0.000000	35.90	28.90	0.00	37
CNQ	2011-10-11	1.364860	7.326740e+4	35.220	28.900	41.540	28.900	28.900	31.770	28.900	35.220	1.240	0.000000	35.90	28.90	0.00	38
CNQ	2011-10-07	1.371440	7.291630e+4	35.220	28.900	41.540	28.900	28.900	31.770	28.900	35.220	1.550	0.000000	35.91	28.90	0.00	39
CNQ	2011-10-06	1.362040	7.341950e+4	35.720	28.900	41.540	28.900	28.900	31.770	28.900	35.720	1.730	0.000000	36.40	28.90	0.00	40
CNQ	2011-10-05	1.342670	7.447840e+4	35.720	28.900	41.540	28.900	28.900	31.970	28.900	35.720	2.210	0.000000	36.39	28.90	0.00	41
CNQ	2011-10-04	1.297020	7.709970e+4	35.720	29.050	41.540	29.050	29.050	32.870	29.050	35.720	1.800	0.000000	36.37	29.05	0.00	42
CNQ	2011-10-03	1.270550	7.870610e+4	35.720	30.230	41.540	30.230	30.230	33.480	30.230	35.720	1.830	0.000000	36.36	30.23	0.00	43
CNQ	2011-09-30	1.241100	8.057340e+4	36.260	30.230	41.540	30.230	30.230	34.200	30.230	36.260	1.120	0.000000	36.88	30.23	0.00	44
CNQ	2011-09-29	1.247480	8.016170e+4	37.000	30.230	41.540	30.230	30.230	35.220	30.230	37.000	1.180	0.000000	37.62	30.23	0.00	45
CNQ	2011-09-28	1.251030	7.993420e+4	37.000	30.230	41.540	30.230	30.230	35.220	30.230	37.000	1.270	0.000000	37.63	30.23	0.00	46
CNQ	2011-09-27	1.250030	7.999800e+4	37.000	30.230	41.540	30.230	30.230	35.220	30.230	37.000	1.610	0.000000	37.62	30.23	0.00	47
CNQ	2011-09-26	1.231090	8.122910e+4	37.000	30.230	41.670	30.230	30.230	35.220	30.230	37.000	1.750	0.000000	37.62	30.23	0.00	48
CNQ	2011-09-23	1.203770	8.307210e+4	37.000	30.900	41.670	30.900	30.900	35.220	30.900	37.000	0.810	0.000000	37.60	30.90	0.00	49
CNQ	2011-09-22	1.224500	8.166610e+4	37.000	31.970	41.670	31.970	31.970	35.720	31.970	37.000	1.810	0.000000	37.61	31.97	0.00	50
CNQ	2011-09-21	1.193680	8.377430e+4	37.000	32.870	41.670	32.870	32.870	35.720	32.870	37.000	1.440	0.000000	37.60	32.87	0.00	51
CNQ	2011-09-20	1.180720	8.469420e+4	37.000	32.900	41.670	32.900	33.480	35.720	32.900	37.000	1.080	0.000000	37.59	32.90	0.00	52
CNQ	2011-09-19	1.186020	8.431560e+4	37.000	32.900	41.670	32.900	33.530	35.720	32.900	37.000	1.190	0.000000	37.59	32.90	0.00	53
