#Header line 	date 	volatility 	unit 		brkh20 	brkl20 	brkh55 	brkl55 	low10 	high10 	low20 	high20 	truerng	ignore20	add 	sellall	normalizedprice
OZRK	2011-12-01	0.838132	1.193130e+5	28.350	24.980	28.350	19.890	26.250	28.350	24.980	28.350	1.290	0.000000	28.77	24.98	0.00	1
OZRK	2011-11-30	0.814349	1.227970e+5	26.860	24.170	26.860	19.890	26.250	26.860	24.170	26.860	1.610	0.000000	27.27	24.17	0.00	2
OZRK	2011-11-29	0.772473	1.294540e+5	26.860	24.170	26.860	19.890	26.250	26.860	24.170	26.860	0.410	0.000000	27.25	24.17	0.00	3
OZRK	2011-11-28	0.791550	1.263340e+5	26.860	24.170	26.860	19.890	26.250	26.860	24.170	26.860	0.690	0.000000	27.26	24.17	0.00	4
OZRK	2011-11-25	0.796895	1.254870e+5	26.860	24.170	26.860	19.890	25.930	26.860	24.170	26.860	0.400	0.000000	27.26	24.17	0.00	5
OZRK	2011-11-23	0.817784	1.222820e+5	26.860	24.170	26.860	19.890	25.570	26.860	24.170	26.860	0.440	0.000000	27.27	24.17	0.00	6
OZRK	2011-11-22	0.837668	1.193790e+5	26.860	23.860	26.860	19.890	25.570	26.860	23.860	26.860	0.550	0.000000	27.28	23.86	0.00	7
OZRK	2011-11-21	0.852808	1.172600e+5	26.860	23.860	26.860	19.890	25.570	26.860	23.860	26.860	0.540	0.000000	27.29	23.86	0.00	8
OZRK	2011-11-18	0.869272	1.150390e+5	26.860	23.860	26.860	19.890	25.070	26.860	23.860	26.860	0.440	0.000000	27.29	23.86	0.00	9
OZRK	2011-11-17	0.891865	1.121250e+5	26.860	23.860	26.860	19.890	25.070	26.860	23.860	26.860	0.640	0.000000	27.31	23.86	0.00	10
OZRK	2011-11-16	0.905121	1.104820e+5	26.860	23.860	26.860	19.890	24.980	26.860	23.860	26.860	0.860	0.000000	27.31	23.86	0.00	11
OZRK	2011-11-15	0.907496	1.101930e+5	26.440	23.860	26.440	19.890	24.170	26.440	23.860	26.440	1.000	0.000000	26.89	23.86	0.00	12
OZRK	2011-11-14	0.902627	1.107880e+5	26.440	23.400	26.440	19.890	24.170	26.440	23.400	26.440	0.520	0.000000	26.89	23.40	0.00	13
OZRK	2011-11-11	0.922765	1.083700e+5	26.440	23.400	26.440	19.890	24.170	26.440	23.400	26.440	0.640	0.000000	26.90	23.40	0.00	14
OZRK	2011-11-10	0.937648	1.066500e+5	26.440	23.400	26.440	19.890	24.170	26.440	23.400	26.440	0.510	0.000000	26.91	23.40	0.00	15
OZRK	2011-11-09	0.960155	1.041500e+5	26.440	23.400	26.440	19.890	24.170	26.440	23.400	26.440	1.000	0.000000	26.92	23.40	0.00	16
OZRK	2011-11-08	0.958058	1.043780e+5	26.230	22.780	26.230	19.890	23.860	26.230	22.780	26.230	0.640	0.000000	26.71	22.78	0.00	17
OZRK	2011-11-07	0.974798	1.025850e+5	25.740	22.430	25.740	19.890	23.860	25.740	22.430	25.740	1.240	0.000000	26.23	22.43	0.00	18
OZRK	2011-11-04	0.960840	1.040760e+5	25.740	21.380	25.740	19.890	23.860	25.740	21.380	25.740	0.940	0.000000	26.22	21.38	0.00	19
OZRK	2011-11-03	0.961937	1.039570e+5	25.310	21.380	25.310	19.890	23.860	25.310	21.380	25.310	1.310	0.000000	25.79	21.38	0.00	20
OZRK	2011-11-02	0.943618	1.059750e+5	25.310	21.380	44.810	19.890	23.860	25.310	21.380	25.310	0.850	0.000000	25.78	21.38	0.00	21
OZRK	2011-11-01	0.948545	1.054250e+5	25.310	21.380	46.550	19.890	23.860	25.310	21.380	25.310	0.790	0.000000	25.78	21.38	0.00	22
OZRK	2011-10-31	0.956890	1.045050e+5	25.310	20.640	46.550	19.890	23.400	25.310	20.640	25.310	0.440	0.000000	25.79	20.64	0.00	23
OZRK	2011-10-28	0.984094	1.016160e+5	25.250	20.640	46.550	19.890	23.400	25.250	20.640	25.250	0.590	0.000000	25.74	20.64	0.00	24
OZRK	2011-10-27	1.004840	9.951870e+4	24.600	20.640	46.550	19.890	23.400	24.600	20.640	24.600	1.370	0.000000	25.10	20.64	0.00	25
OZRK	2011-10-26	0.985617	1.014590e+5	24.600	20.640	49.280	19.890	23.400	24.600	20.640	24.600	0.840	0.000000	25.09	20.64	0.00	26
OZRK	2011-10-25	0.993281	1.006760e+5	24.600	20.640	49.280	19.890	22.780	24.600	20.640	24.600	0.780	0.000000	25.10	20.64	0.00	27
OZRK	2011-10-24	1.004510	9.955140e+4	24.300	20.640	50.960	19.890	22.430	24.300	20.640	24.300	0.640	0.000000	24.80	20.64	0.00	28
OZRK	2011-10-21	1.023690	9.768570e+4	24.150	20.240	50.960	19.890	21.380	24.150	20.240	24.150	0.740	0.000000	24.66	20.24	0.00	29
OZRK	2011-10-20	1.038620	9.628140e+4	24.150	19.890	53.080	19.890	21.380	24.150	19.890	24.150	0.600	0.000000	24.67	19.89	0.00	30
OZRK	2011-10-19	1.061710	9.418790e+4	24.150	19.890	53.080	19.890	21.380	24.150	19.890	24.150	0.620	0.000000	24.68	19.89	0.00	31
OZRK	2011-10-18	1.084960	9.216970e+4	24.150	19.890	53.080	19.890	21.380	24.150	19.890	24.150	0.640	0.000000	24.69	19.89	0.00	32
OZRK	2011-10-17	1.108370	9.022230e+4	24.150	19.890	53.080	19.890	20.640	24.150	19.890	24.150	0.820	0.000000	24.70	19.89	0.00	33
OZRK	2011-10-14	1.123550	8.900350e+4	24.150	19.890	53.080	19.890	20.640	24.150	19.890	24.150	1.190	0.000000	24.71	19.89	0.00	34
OZRK	2011-10-13	1.120050	8.928140e+4	23.470	19.890	53.080	19.890	20.640	23.470	19.890	23.470	1.200	0.000000	24.03	19.89	0.00	35
OZRK	2011-10-12	1.115850	8.961810e+4	22.780	19.890	53.080	19.890	20.640	22.780	19.890	22.780	1.010	0.000000	23.34	19.89	0.00	36
OZRK	2011-10-11	1.121420	8.917290e+4	22.430	19.890	53.660	19.890	20.640	22.430	19.890	22.430	0.880	0.000000	22.99	19.89	0.00	37
OZRK	2011-10-10	1.134120	8.817380e+4	22.360	19.890	53.660	19.890	20.640	22.360	19.890	22.360	1.060	0.000000	22.93	19.89	0.00	38
OZRK	2011-10-07	1.138020	8.787160e+4	22.360	19.890	53.880	19.890	20.240	22.360	19.890	22.360	0.830	0.000000	22.93	19.89	0.00	39
OZRK	2011-10-06	1.154240	8.663740e+4	22.360	19.890	53.880	19.890	19.890	22.360	19.890	22.360	0.520	0.000000	22.94	19.89	0.00	40
OZRK	2011-10-05	1.187620	8.420220e+4	22.360	19.890	53.880	19.890	19.890	22.360	19.890	22.360	0.690	0.000000	22.95	19.89	0.00	41
OZRK	2011-10-04	1.213810	8.238540e+4	22.260	19.890	53.880	19.890	19.890	21.730	19.890	22.260	2.350	0.000000	22.87	19.89	0.00	42
OZRK	2011-10-03	1.154010	8.665450e+4	22.260	19.890	53.880	19.890	19.890	21.730	19.890	22.260	0.900	0.000000	22.84	19.89	0.00	43
OZRK	2011-09-30	1.167380	8.566210e+4	22.610	19.890	53.880	19.890	19.890	21.730	19.890	22.610	0.550	0.000000	23.19	19.89	0.00	44
OZRK	2011-09-29	1.199870	8.334230e+4	22.720	19.890	53.880	19.890	19.890	22.190	19.890	22.720	1.110	0.000000	23.32	19.89	0.00	45
OZRK	2011-09-28	1.204600	8.301510e+4	22.720	19.890	53.880	19.890	19.890	22.190	19.890	22.720	0.670	0.000000	23.32	19.89	0.00	46
OZRK	2011-09-27	1.232740	8.112030e+4	22.720	19.890	53.880	19.890	19.890	22.190	19.890	22.720	0.560	0.000000	23.34	19.89	0.00	47
OZRK	2011-09-26	1.268140	7.885540e+4	22.720	19.890	53.880	19.890	19.890	22.190	19.890	22.720	1.120	0.000000	23.35	19.89	0.00	48
OZRK	2011-09-23	1.275940	7.837350e+4	22.720	19.890	53.880	19.890	19.890	22.190	19.890	22.720	0.890	0.000000	23.36	19.89	0.00	49
OZRK	2011-09-22	1.296250	7.714540e+4	22.720	20.240	53.880	20.240	20.240	22.190	20.240	22.720	1.110	0.000000	23.37	20.24	0.00	50
OZRK	2011-09-21	1.306060	7.656630e+4	22.720	20.910	53.880	20.910	20.910	22.260	20.910	22.720	1.020	0.000000	23.37	20.91	0.00	51
OZRK	2011-09-20	1.321110	7.569380e+4	22.720	20.910	53.880	20.910	20.910	22.260	20.910	22.720	0.410	0.000000	23.38	20.91	0.00	52
OZRK	2011-09-19	1.369070	7.304250e+4	22.720	20.910	53.880	20.910	20.910	22.260	20.910	22.720	0.630	0.000000	23.40	20.91	0.00	53
