#Header line 	date 	volatility 	unit 		brkh20 	brkl20 	brkh55 	brkl55 	low10 	high10 	low20 	high20 	truerng	ignore20	add 	sellall	normalizedprice
SYNA	2011-12-02	1.137600	8.790400e+4	34.640	30.620	34.640	22.440	30.620	33.340	30.620	34.640	0.720	0.000000	35.21	30.62	0.00	1
SYNA	2011-12-01	1.159580	8.623790e+4	34.640	30.620	34.640	22.440	30.620	33.510	30.620	34.640	0.860	0.000000	35.22	30.62	0.00	2
SYNA	2011-11-30	1.175350	8.508100e+4	34.640	30.620	34.640	22.440	30.620	33.670	30.620	34.640	1.520	0.000000	35.23	30.62	0.00	3
SYNA	2011-11-29	1.157210	8.641460e+4	34.640	30.620	34.640	22.440	30.620	33.670	30.620	34.640	0.770	0.000000	35.22	30.62	0.00	4
SYNA	2011-11-28	1.177590	8.491910e+4	34.640	30.620	34.640	22.440	30.620	33.670	30.620	34.640	1.280	0.000000	35.23	30.62	0.00	5
SYNA	2011-11-25	1.172200	8.530960e+4	34.640	31.110	34.640	22.440	31.110	33.670	31.110	34.640	0.830	0.000000	35.23	31.11	0.00	6
SYNA	2011-11-23	1.190210	8.401870e+4	34.640	32.060	34.640	22.440	32.060	33.670	32.060	34.640	1.070	0.000000	35.24	32.06	0.00	7
SYNA	2011-11-22	1.196540	8.357440e+4	34.640	32.060	34.640	22.440	32.060	33.670	32.060	34.640	0.940	0.000000	35.24	32.06	0.00	8
SYNA	2011-11-21	1.210040	8.264190e+4	34.640	32.060	34.640	22.440	32.060	34.270	32.060	34.640	1.130	0.000000	35.24	32.06	0.00	9
SYNA	2011-11-18	1.214250	8.235510e+4	34.640	32.060	34.640	22.440	32.060	34.640	32.060	34.640	0.900	0.000000	35.25	32.06	0.00	10
SYNA	2011-11-17	1.230790	8.124840e+4	34.640	27.020	34.640	22.440	32.060	34.640	27.020	34.640	0.640	0.000000	35.26	27.02	0.00	11
SYNA	2011-11-16	1.261890	7.924640e+4	34.640	27.020	34.640	22.440	32.060	34.640	27.020	34.640	1.090	0.000000	35.27	27.02	0.00	12
SYNA	2011-11-15	1.270930	7.868230e+4	34.640	27.020	34.640	22.440	32.060	34.640	27.020	34.640	1.260	0.000000	35.28	27.02	0.00	13
SYNA	2011-11-14	1.271510	7.864670e+4	34.640	27.020	34.640	22.440	32.060	34.640	27.020	34.640	0.730	0.000000	35.28	27.02	0.00	14
SYNA	2011-11-11	1.300010	7.692250e+4	34.640	27.020	34.640	22.440	32.060	34.640	27.020	34.640	1.340	0.000000	35.29	27.02	0.00	15
SYNA	2011-11-10	1.297910	7.704720e+4	34.640	27.020	34.640	22.440	32.060	34.640	27.020	34.640	0.900	0.000000	35.29	27.02	0.00	16
SYNA	2011-11-09	1.318850	7.582380e+4	34.640	27.020	34.640	22.440	32.170	34.640	27.020	34.640	1.470	0.000000	35.30	27.02	0.00	17
SYNA	2011-11-08	1.310890	7.628390e+4	34.640	27.020	34.640	22.440	32.170	34.640	27.020	34.640	1.650	0.000000	35.30	27.02	0.00	18
SYNA	2011-11-07	1.293040	7.733690e+4	34.640	27.020	34.640	22.440	32.170	34.640	27.020	34.640	0.830	0.000000	35.29	27.02	0.00	19
SYNA	2011-11-04	1.317410	7.590620e+4	34.470	26.310	34.470	22.440	32.170	34.470	26.310	34.470	1.340	0.000000	35.13	26.31	0.00	20
SYNA	2011-11-03	1.316230	7.597480e+4	34.470	26.310	34.470	22.440	27.020	34.470	26.310	34.470	1.460	0.000000	35.13	26.31	0.00	21
SYNA	2011-11-02	1.308660	7.641410e+4	34.470	25.630	34.470	22.440	27.020	34.470	25.630	34.470	1.240	0.000000	35.12	25.63	0.00	22
SYNA	2011-11-01	1.312270	7.620370e+4	34.470	24.660	34.470	22.440	27.020	34.470	24.660	34.470	1.850	0.000000	35.13	24.66	0.00	23
SYNA	2011-10-31	1.283970	7.788340e+4	34.470	23.220	34.470	22.440	27.020	34.470	23.220	34.470	1.450	0.000000	35.11	23.22	0.00	24
SYNA	2011-10-28	1.275230	7.841700e+4	34.470	23.220	34.470	22.440	27.020	34.470	23.220	34.470	0.870	0.000000	35.11	23.22	0.00	25
SYNA	2011-10-27	1.296560	7.712710e+4	33.110	23.220	33.110	22.440	27.020	33.110	23.220	33.110	1.820	0.000000	33.76	23.22	0.00	26
SYNA	2011-10-26	1.269010	7.880150e+4	32.570	23.220	32.570	22.440	27.020	32.570	23.220	32.570	1.350	0.000000	33.20	23.22	0.00	27
SYNA	2011-10-25	1.264750	7.906710e+4	32.530	23.220	32.530	22.440	27.020	32.530	23.220	32.530	1.550	0.000000	33.16	23.22	0.00	28
SYNA	2011-10-24	1.249740	8.001690e+4	32.180	23.220	32.180	22.440	27.020	32.180	23.220	32.180	0.900	0.000000	32.80	23.22	0.00	29
SYNA	2011-10-21	1.268140	7.885550e+4	28.970	22.930	28.970	22.440	26.310	28.970	22.930	28.970	5.860	0.000000	29.60	22.93	0.00	30
SYNA	2011-10-20	1.026470	9.742160e+4	28.970	22.440	28.970	22.440	26.310	28.970	22.440	28.970	1.500	0.000000	29.48	22.44	0.00	31
SYNA	2011-10-19	1.001540	9.984590e+4	28.970	22.440	28.970	22.440	25.630	28.970	22.440	28.970	0.620	0.000000	29.47	22.44	0.00	32
SYNA	2011-10-18	1.021620	9.788330e+4	28.970	22.440	28.970	22.440	24.660	28.970	22.440	28.970	1.180	0.000000	29.48	22.44	0.00	33
SYNA	2011-10-17	1.013290	9.868850e+4	28.970	22.440	28.970	22.440	23.220	28.970	22.440	28.970	0.980	0.000000	29.48	22.44	0.00	34
SYNA	2011-10-14	1.015040	9.851810e+4	28.630	22.440	28.630	22.440	23.220	28.630	22.440	28.630	0.620	0.000000	29.14	22.44	0.00	35
SYNA	2011-10-13	1.035830	9.654060e+4	28.400	22.440	28.400	22.440	23.220	28.400	22.440	28.400	0.840	0.000000	28.92	22.44	0.00	36
SYNA	2011-10-12	1.046140	9.558950e+4	28.400	22.440	28.400	22.440	23.220	28.400	22.440	28.400	0.880	0.000000	28.92	22.44	0.00	37
SYNA	2011-10-11	1.054880	9.479710e+4	27.490	22.440	27.490	22.440	23.220	27.490	22.440	27.490	2.430	0.000000	28.02	22.44	0.00	38
SYNA	2011-10-10	0.982510	1.017800e+5	26.370	22.440	26.370	22.440	23.220	26.370	22.440	26.370	1.230	0.000000	26.86	22.44	0.00	39
SYNA	2011-10-07	0.969484	1.031480e+5	26.370	22.440	26.370	22.440	22.930	26.370	22.440	26.370	0.990	0.000000	26.85	22.44	0.00	40
SYNA	2011-10-06	0.968404	1.032630e+5	25.700	22.440	26.060	22.440	22.440	25.630	22.440	25.700	1.090	0.000000	26.18	22.44	0.00	41
SYNA	2011-10-05	0.962004	1.039500e+5	25.700	22.440	26.060	22.440	22.440	24.660	22.440	25.700	1.440	0.000000	26.18	22.44	0.00	42
SYNA	2011-10-04	0.936847	1.067410e+5	25.700	22.440	26.060	22.440	22.440	23.900	22.440	25.700	1.690	0.000000	26.17	22.44	0.00	43
SYNA	2011-10-03	0.897207	1.114570e+5	25.700	22.440	26.060	22.440	22.440	24.380	22.440	25.700	1.080	0.000000	26.15	22.44	0.00	44
SYNA	2011-09-30	0.887586	1.126650e+5	25.700	22.440	26.060	22.440	22.440	25.320	22.440	25.700	1.800	0.000000	26.14	22.44	0.00	45
SYNA	2011-09-29	0.839565	1.191090e+5	25.700	22.440	26.060	22.440	22.440	25.700	22.440	25.700	0.580	0.000000	26.12	22.44	0.00	46
SYNA	2011-09-28	0.853226	1.172020e+5	25.700	22.440	26.060	22.440	22.440	25.700	22.440	25.700	0.560	0.000000	26.13	22.44	0.00	47
SYNA	2011-09-27	0.868659	1.151200e+5	26.060	22.440	26.060	22.440	22.440	25.700	22.440	26.060	0.720	0.000000	26.49	22.44	0.00	48
SYNA	2011-09-26	0.876483	1.140920e+5	26.060	22.440	26.060	22.440	22.440	25.700	22.440	26.060	0.660	0.000000	26.50	22.44	0.00	49
SYNA	2011-09-23	0.887877	1.126280e+5	26.060	22.440	26.060	22.440	22.440	25.700	22.440	26.060	0.640	0.000000	26.50	22.44	0.00	50
SYNA	2011-09-22	0.900923	1.109970e+5	26.060	22.910	26.060	22.590	22.910	25.700	22.910	26.060	0.940	0.000000	26.51	22.91	0.00	51
SYNA	2011-09-21	0.898866	1.112510e+5	26.060	23.330	26.060	22.590	23.440	25.700	23.330	26.060	1.100	0.000000	26.51	23.33	0.00	52
SYNA	2011-09-20	0.888281	1.125770e+5	26.060	23.330	26.060	22.590	23.330	25.700	23.330	26.060	1.100	0.000000	26.50	23.33	0.00	53
SYNA	2011-09-19	0.877137	1.140070e+5	26.060	23.210	26.060	22.590	23.330	25.700	23.210	26.060	1.220	0.000000	26.50	23.21	0.00	54
