#Header line 	date 	volatility 	unit 		brkh20 	brkl20 	brkh55 	brkl55 	low10 	high10 	low20 	high20 	truerng	ignore20	add 	sellall	normalizedprice
ICB	2011-12-02	0.302862	3.301830e+5	17.720	17.100	17.720	16.350	17.100	17.650	17.100	17.720	0.200	0.000000	17.87	17.10	0.00	1
ICB	2011-12-01	0.308276	3.243850e+5	17.720	17.100	17.720	16.350	17.100	17.650	17.100	17.720	0.270	0.000000	17.87	17.10	0.00	2
ICB	2011-11-30	0.310290	3.222790e+5	17.720	17.100	17.720	16.350	17.100	17.650	17.100	17.720	0.290	0.000000	17.88	17.10	0.00	3
ICB	2011-11-29	0.311358	3.211730e+5	17.720	17.100	17.720	16.350	17.100	17.650	17.100	17.720	0.270	0.000000	17.88	17.10	0.00	4
ICB	2011-11-28	0.313535	3.189440e+5	17.720	17.100	17.720	16.350	17.100	17.720	17.100	17.720	0.560	0.000000	17.88	17.10	0.00	5
ICB	2011-11-25	0.300563	3.327090e+5	17.720	17.100	17.720	16.350	17.100	17.720	17.100	17.720	0.250	0.000000	17.87	17.10	0.00	6
ICB	2011-11-23	0.303224	3.297890e+5	17.720	17.100	17.720	16.350	17.100	17.720	17.100	17.720	0.240	0.000000	17.87	17.10	0.00	7
ICB	2011-11-22	0.306552	3.262090e+5	17.720	17.100	17.720	16.350	17.100	17.720	17.100	17.720	0.510	0.000000	17.87	17.10	0.00	8
ICB	2011-11-21	0.295844	3.380160e+5	17.720	17.100	17.720	16.350	17.100	17.720	17.100	17.720	0.220	0.000000	17.87	17.10	0.00	9
ICB	2011-11-18	0.299836	3.335160e+5	17.720	17.200	17.720	16.350	17.310	17.720	17.200	17.720	0.400	0.000000	17.87	17.20	0.00	10
ICB	2011-11-17	0.294564	3.394850e+5	17.720	17.200	17.720	16.350	17.310	17.720	17.200	17.720	0.220	0.000000	17.87	17.20	0.00	11
ICB	2011-11-16	0.298489	3.350210e+5	17.720	17.200	17.720	16.350	17.340	17.720	17.200	17.720	0.310	0.000000	17.87	17.20	0.00	12
ICB	2011-11-15	0.297883	3.357030e+5	17.720	17.200	17.720	16.350	17.310	17.720	17.200	17.720	0.310	0.000000	17.87	17.20	0.00	13
ICB	2011-11-14	0.297245	3.364230e+5	17.720	17.200	17.720	16.350	17.310	17.720	17.200	17.720	0.450	0.000000	17.87	17.20	0.00	14
ICB	2011-11-11	0.289205	3.457750e+5	17.670	17.030	17.670	16.350	17.310	17.670	17.030	17.670	0.200	0.000000	17.81	17.03	0.00	15
ICB	2011-11-10	0.293900	3.402520e+5	17.570	16.820	17.570	16.350	17.310	17.570	16.820	17.570	0.340	0.000000	17.72	16.82	0.00	16
ICB	2011-11-09	0.291474	3.430840e+5	17.570	16.820	17.570	16.350	17.300	17.570	16.820	17.570	0.410	0.000000	17.72	16.82	0.00	17
ICB	2011-11-08	0.285236	3.505870e+5	17.510	16.800	17.510	16.350	17.200	17.510	16.800	17.510	0.190	0.000000	17.65	16.80	0.00	18
ICB	2011-11-07	0.290248	3.445330e+5	17.490	16.660	17.500	16.350	17.200	17.490	16.660	17.490	0.220	0.000000	17.64	16.66	0.00	19
ICB	2011-11-04	0.293945	3.401990e+5	17.480	16.590	17.500	16.350	17.200	17.480	16.590	17.480	0.200	0.000000	17.63	16.59	0.00	20
ICB	2011-11-03	0.298890	3.345710e+5	17.480	16.590	17.500	16.350	17.200	17.480	16.590	17.480	0.210	0.000000	17.63	16.59	0.00	21
ICB	2011-11-02	0.303568	3.294150e+5	17.480	16.480	17.500	16.350	17.200	17.480	16.480	17.480	0.240	0.000000	17.63	16.48	0.00	22
ICB	2011-11-01	0.306914	3.258240e+5	17.480	16.350	17.500	16.350	17.200	17.480	16.350	17.480	0.260	0.000000	17.63	16.35	0.00	23
ICB	2011-10-31	0.309383	3.232240e+5	17.480	16.350	17.500	16.350	17.200	17.480	16.350	17.480	0.260	0.000000	17.63	16.35	0.00	24
ICB	2011-10-28	0.311982	3.205310e+5	17.400	16.350	17.500	16.350	17.030	17.400	16.350	17.400	0.190	0.000000	17.56	16.35	0.00	25
ICB	2011-10-27	0.318402	3.140680e+5	17.400	16.350	17.500	16.350	16.820	17.400	16.350	17.400	0.500	0.000000	17.56	16.35	0.00	26
ICB	2011-10-26	0.308845	3.237870e+5	17.400	16.350	17.500	16.350	16.820	17.400	16.350	17.400	0.240	0.000000	17.55	16.35	0.00	27
ICB	2011-10-25	0.312468	3.200330e+5	17.400	16.350	17.500	16.350	16.800	17.400	16.350	17.400	0.240	0.000000	17.56	16.35	0.00	28
ICB	2011-10-24	0.316282	3.161730e+5	17.400	16.350	17.500	16.350	16.660	17.400	16.350	17.400	0.400	0.000000	17.56	16.35	0.00	29
ICB	2011-10-21	0.311876	3.206400e+5	17.400	16.350	17.500	16.350	16.590	17.400	16.350	17.400	0.220	0.000000	17.56	16.35	0.00	30
ICB	2011-10-20	0.316712	3.157450e+5	17.480	16.350	17.500	16.350	16.590	17.400	16.350	17.480	0.210	0.000000	17.64	16.35	0.00	31
ICB	2011-10-19	0.322328	3.102430e+5	17.480	16.350	17.500	16.350	16.480	17.250	16.350	17.480	0.260	0.000000	17.64	16.35	0.00	32
ICB	2011-10-18	0.325608	3.071170e+5	17.480	16.350	17.500	16.350	16.350	17.210	16.350	17.480	0.280	0.000000	17.64	16.35	0.00	33
ICB	2011-10-17	0.328009	3.048700e+5	17.480	16.350	17.500	16.350	16.350	17.030	16.350	17.480	0.420	0.000000	17.64	16.35	0.00	34
ICB	2011-10-14	0.323167	3.094370e+5	17.480	16.350	17.500	16.350	16.350	17.200	16.350	17.480	0.430	0.000000	17.64	16.35	0.00	35
ICB	2011-10-13	0.317544	3.149170e+5	17.480	16.350	17.500	16.350	16.350	17.200	16.350	17.480	0.200	0.000000	17.64	16.35	0.00	36
ICB	2011-10-12	0.323731	3.088990e+5	17.500	16.350	17.500	16.350	16.350	17.200	16.350	17.500	0.240	0.000000	17.66	16.35	0.00	37
ICB	2011-10-11	0.328138	3.047500e+5	17.500	16.350	17.500	16.350	16.350	17.330	16.350	17.500	0.330	0.000000	17.66	16.35	0.00	38
ICB	2011-10-10	0.328040	3.048410e+5	17.500	16.350	17.500	16.350	16.350	17.330	16.350	17.500	0.130	0.000000	17.66	16.35	0.00	39
ICB	2011-10-07	0.338463	2.954530e+5	17.500	16.350	17.500	16.350	16.350	17.390	16.350	17.500	0.300	0.000000	17.67	16.35	0.00	40
ICB	2011-10-06	0.340487	2.936970e+5	17.500	16.350	17.500	16.350	16.350	17.480	16.350	17.500	0.300	0.000000	17.67	16.35	0.00	41
ICB	2011-10-05	0.342618	2.918700e+5	17.500	16.350	17.500	16.350	16.350	17.480	16.350	17.500	0.290	0.000000	17.67	16.35	0.00	42
ICB	2011-10-04	0.345388	2.895300e+5	17.500	16.890	17.500	16.500	16.970	17.480	16.890	17.500	0.690	0.000000	17.67	16.89	0.00	43
ICB	2011-10-03	0.327250	3.055770e+5	17.500	16.890	17.500	16.500	16.970	17.480	16.890	17.500	0.470	0.000000	17.66	16.89	0.00	44
ICB	2011-09-30	0.319737	3.127570e+5	17.500	16.890	17.500	16.500	16.970	17.480	16.890	17.500	0.730	0.000000	17.66	16.89	0.00	45
ICB	2011-09-29	0.298144	3.354080e+5	17.500	16.890	17.500	16.500	16.970	17.480	16.890	17.500	0.170	0.000000	17.65	16.89	0.00	46
ICB	2011-09-28	0.304889	3.279890e+5	17.500	16.890	17.500	16.500	17.170	17.500	16.890	17.500	0.440	0.000000	17.65	16.89	0.00	47
ICB	2011-09-27	0.297777	3.358210e+5	17.500	16.890	17.500	16.500	17.170	17.500	16.890	17.500	0.300	0.000000	17.65	16.89	0.00	48
ICB	2011-09-26	0.297660	3.359530e+5	17.500	16.890	17.500	16.500	17.180	17.500	16.890	17.500	0.330	0.000000	17.65	16.89	0.00	49
ICB	2011-09-23	0.295958	3.378850e+5	17.500	16.890	17.500	16.500	17.180	17.500	16.890	17.500	0.630	0.000000	17.65	16.89	0.00	50
ICB	2011-09-22	0.278377	3.592250e+5	17.500	16.890	17.500	16.500	17.180	17.500	16.890	17.500	0.470	0.000000	17.64	16.89	0.00	51
ICB	2011-09-21	0.268292	3.727280e+5	17.500	16.890	17.500	16.500	17.180	17.500	16.890	17.500	0.260	0.000000	17.63	16.89	0.00	52
ICB	2011-09-20	0.268728	3.721230e+5	17.500	16.890	17.500	16.500	16.890	17.500	16.890	17.500	0.180	0.000000	17.63	16.89	0.00	53
ICB	2011-09-19	0.273398	3.657670e+5	17.500	16.890	17.500	16.500	16.890	17.500	16.890	17.500	0.260	0.000000	17.64	16.89	0.00	54
