#Header line 	date 	volatility 	unit 		brkh20 	brkl20 	brkh55 	brkl55 	low10 	high10 	low20 	high20 	truerng	ignore20	add 	sellall	normalizedprice
HL	2011-12-02	0.350279	2.854870e+5	6.880	5.300	7.230	5.160	5.300	6.230	5.300	6.880	0.440	0.000000	7.06	5.30	0.00	1
HL	2011-12-01	0.345556	2.893880e+5	6.880	5.300	7.450	5.160	5.300	6.370	5.300	6.880	0.220	0.000000	7.05	5.30	0.00	2
HL	2011-11-30	0.352165	2.839580e+5	6.880	5.300	7.560	5.160	5.300	6.570	5.300	6.880	0.600	0.000000	7.06	5.30	0.00	3
HL	2011-11-29	0.339121	2.948800e+5	6.880	5.300	7.650	5.160	5.300	6.570	5.300	6.880	0.160	0.000000	7.05	5.30	0.00	4
HL	2011-11-28	0.348548	2.869040e+5	6.880	5.300	7.770	5.160	5.300	6.700	5.300	6.880	0.400	0.000000	7.05	5.30	0.00	5
HL	2011-11-25	0.345840	2.891510e+5	6.880	5.370	7.970	5.160	5.370	6.700	5.370	6.880	0.220	0.000000	7.05	5.37	0.00	6
HL	2011-11-23	0.352463	2.837170e+5	6.880	5.670	7.970	5.160	5.670	6.700	5.670	6.880	0.380	0.000000	7.06	5.67	0.00	7
HL	2011-11-22	0.351014	2.848890e+5	6.880	5.670	7.970	5.160	5.670	6.880	5.670	6.880	0.290	0.000000	7.06	5.67	0.00	8
HL	2011-11-21	0.354225	2.823060e+5	6.880	5.690	7.970	5.160	5.970	6.880	5.690	6.880	0.460	0.000000	7.06	5.69	0.00	9
HL	2011-11-18	0.348658	2.868140e+5	6.880	5.530	7.970	5.160	6.020	6.880	5.530	6.880	0.230	0.000000	7.05	5.53	0.00	10
HL	2011-11-17	0.354903	2.817670e+5	6.880	5.350	7.970	5.160	6.320	6.880	5.350	6.880	0.440	0.000000	7.06	5.35	0.00	11
HL	2011-11-16	0.350425	2.853680e+5	6.880	5.310	7.970	5.160	6.160	6.880	5.310	6.880	0.230	0.000000	7.06	5.31	0.00	12
HL	2011-11-15	0.356763	2.802980e+5	6.880	5.310	7.970	5.160	6.060	6.880	5.310	6.880	0.230	0.000000	7.06	5.31	0.00	13
HL	2011-11-14	0.363434	2.751530e+5	6.880	5.310	7.970	5.160	6.060	6.880	5.310	6.880	0.240	0.000000	7.06	5.31	0.00	14
HL	2011-11-11	0.369931	2.703210e+5	6.880	5.310	7.970	5.160	6.060	6.880	5.310	6.880	0.390	0.000000	7.06	5.31	0.00	15
HL	2011-11-10	0.368875	2.710950e+5	6.880	5.310	7.970	5.160	6.060	6.880	5.310	6.880	0.350	0.000000	7.06	5.31	0.00	16
HL	2011-11-09	0.369868	2.703670e+5	6.880	5.310	7.970	5.160	5.860	6.880	5.310	6.880	0.540	0.000000	7.06	5.31	0.00	17
HL	2011-11-08	0.360914	2.770740e+5	6.740	5.310	7.970	5.160	5.690	6.740	5.310	6.740	0.260	0.000000	6.92	5.31	0.00	18
HL	2011-11-07	0.366225	2.730560e+5	6.580	5.310	7.970	5.160	5.690	6.580	5.310	6.580	0.300	0.000000	6.76	5.31	0.00	19
HL	2011-11-04	0.369711	2.704820e+5	6.580	5.310	7.970	5.160	5.530	6.580	5.310	6.580	0.270	0.000000	6.76	5.31	0.00	20
HL	2011-11-03	0.374959	2.666960e+5	6.530	5.310	7.970	5.160	5.350	6.530	5.310	6.530	0.430	0.000000	6.72	5.31	0.00	21
HL	2011-11-02	0.372062	2.687730e+5	6.530	5.310	7.970	5.160	5.310	6.530	5.310	6.530	0.320	0.000000	6.72	5.31	0.00	22
HL	2011-11-01	0.374802	2.668080e+5	6.530	5.200	7.970	5.160	5.310	6.530	5.200	6.530	0.570	0.000000	6.72	5.20	0.00	23
HL	2011-10-31	0.364528	2.743270e+5	6.530	5.160	7.970	5.160	5.310	6.530	5.160	6.530	0.320	0.000000	6.71	5.16	0.00	24
HL	2011-10-28	0.366872	2.725750e+5	6.330	5.160	7.970	5.160	5.310	6.330	5.160	6.330	0.370	0.000000	6.51	5.16	0.00	25
HL	2011-10-27	0.366707	2.726970e+5	5.990	5.160	7.970	5.160	5.310	5.990	5.160	5.990	0.580	0.000000	6.17	5.16	0.00	26
HL	2011-10-26	0.355481	2.813090e+5	5.990	5.160	7.970	5.160	5.310	5.990	5.160	5.990	0.320	0.000000	6.17	5.16	0.00	27
HL	2011-10-25	0.357349	2.798390e+5	5.990	5.160	7.970	5.160	5.310	5.990	5.160	5.990	0.320	0.000000	6.17	5.16	0.00	28
HL	2011-10-24	0.359314	2.783080e+5	5.990	5.160	7.970	5.160	5.310	5.990	5.160	5.990	0.240	0.000000	6.17	5.16	0.00	29
HL	2011-10-21	0.365594	2.735270e+5	5.990	5.160	7.970	5.160	5.310	5.990	5.160	5.990	0.200	0.000000	6.17	5.16	0.00	30
HL	2011-10-20	0.374310	2.671590e+5	6.090	5.160	8.270	5.160	5.310	5.990	5.160	6.090	0.300	0.000000	6.28	5.16	0.00	31
HL	2011-10-19	0.378221	2.643960e+5	7.020	5.160	8.270	5.160	5.420	5.990	5.160	7.020	0.470	0.000000	7.21	5.16	0.00	32
HL	2011-10-18	0.373390	2.678160e+5	7.070	5.160	8.270	5.160	5.200	5.990	5.160	7.070	0.480	0.000000	7.26	5.16	0.00	33
HL	2011-10-17	0.367779	2.719020e+5	7.070	5.160	8.270	5.160	5.160	5.990	5.160	7.070	0.390	0.000000	7.25	5.16	0.00	34
HL	2011-10-14	0.366609	2.727700e+5	7.220	5.160	8.270	5.160	5.160	5.940	5.160	7.220	0.220	0.000000	7.40	5.16	0.00	35
HL	2011-10-13	0.374326	2.671470e+5	7.230	5.160	8.270	5.160	5.160	5.940	5.160	7.230	0.350	0.000000	7.42	5.16	0.00	36
HL	2011-10-12	0.375606	2.662360e+5	7.450	5.160	8.310	5.160	5.160	5.800	5.160	7.450	0.240	0.000000	7.64	5.16	0.00	37
HL	2011-10-11	0.382743	2.612720e+5	7.560	5.160	8.410	5.160	5.160	5.870	5.160	7.560	0.290	0.000000	7.75	5.16	0.00	38
HL	2011-10-10	0.387624	2.579820e+5	7.650	5.160	8.410	5.160	5.160	5.900	5.160	7.650	0.270	0.000000	7.84	5.16	0.00	39
HL	2011-10-07	0.393815	2.539260e+5	7.770	5.160	8.410	5.160	5.160	5.900	5.160	7.770	0.460	0.000000	7.97	5.16	0.00	40
HL	2011-10-06	0.390332	2.561920e+5	7.970	5.160	8.410	5.160	5.160	6.090	5.160	7.970	0.270	0.000000	8.17	5.16	0.00	41
HL	2011-10-05	0.396665	2.521020e+5	7.970	5.160	8.410	5.160	5.160	7.020	5.160	7.970	0.410	0.000000	8.17	5.16	0.00	42
HL	2011-10-04	0.395963	2.525490e+5	7.970	5.160	8.450	5.160	5.160	7.070	5.160	7.970	0.410	0.000000	8.17	5.16	0.00	43
HL	2011-10-03	0.395224	2.530210e+5	7.970	5.360	8.450	5.360	5.360	7.070	5.360	7.970	0.380	0.000000	8.17	5.36	0.00	44
HL	2011-09-30	0.396026	2.525090e+5	7.970	5.430	8.450	5.430	5.430	7.220	5.430	7.970	0.310	0.000000	8.17	5.43	0.00	45
HL	2011-09-29	0.400553	2.496550e+5	7.970	5.430	8.450	5.430	5.430	7.230	5.430	7.970	0.350	0.000000	8.17	5.43	0.00	46
HL	2011-09-28	0.403214	2.480070e+5	7.970	5.690	8.450	5.690	5.690	7.450	5.690	7.970	0.650	0.000000	8.17	5.69	0.00	47
HL	2011-09-27	0.390225	2.562620e+5	7.970	5.690	8.450	5.690	5.690	7.560	5.690	7.970	0.420	0.000000	8.17	5.69	0.00	48
HL	2011-09-26	0.388658	2.572950e+5	7.970	5.690	8.450	5.690	5.690	7.650	5.690	7.970	0.400	0.000000	8.16	5.69	0.00	49
HL	2011-09-23	0.388061	2.576910e+5	7.970	6.090	8.450	6.090	6.090	7.770	6.090	7.970	0.520	0.000000	8.16	6.09	0.00	50
HL	2011-09-22	0.381117	2.623860e+5	7.970	7.020	8.450	6.660	7.020	7.970	7.020	7.970	0.960	0.000000	8.16	7.02	0.00	51
HL	2011-09-21	0.350650	2.851850e+5	7.970	7.020	8.450	6.660	7.020	7.970	7.020	7.970	0.380	0.000000	8.15	7.02	0.00	52
HL	2011-09-20	0.349105	2.864470e+5	7.970	7.020	8.450	6.660	7.020	7.970	7.020	7.970	0.340	0.000000	8.14	7.02	0.00	53
HL	2011-09-19	0.349584	2.860540e+5	7.970	7.100	8.450	6.660	7.220	7.970	7.100	7.970	0.270	0.000000	8.14	7.10	0.00	54
