#Header line 	date 	volatility 	unit 		brkh20 	brkl20 	brkh55 	brkl55 	low10 	high10 	low20 	high20 	truerng	ignore20	add 	sellall	normalizedprice
EIT-UN	2011-12-01	0.187412	5.335850e+5	13.870	13.130	14.060	12.310	13.130	13.610	13.130	13.870	0.160	0.000000	13.96	13.13	0.00	1
EIT-UN	2011-11-30	0.188854	5.295090e+5	13.870	13.130	14.060	12.310	13.130	13.730	13.130	13.870	0.190	0.000000	13.96	13.13	0.00	2
EIT-UN	2011-11-29	0.188794	5.296780e+5	13.870	13.130	14.060	12.310	13.130	13.750	13.130	13.870	0.210	0.000000	13.96	13.13	0.00	3
EIT-UN	2011-11-28	0.187678	5.328280e+5	13.870	13.130	14.060	12.310	13.130	13.750	13.130	13.870	0.070	0.000000	13.96	13.13	0.00	4
EIT-UN	2011-11-25	0.193871	5.158060e+5	13.870	13.130	14.060	12.310	13.130	13.770	13.130	13.870	0.120	0.000000	13.97	13.13	0.00	5
EIT-UN	2011-11-24	0.197759	5.056650e+5	13.870	13.280	14.060	12.310	13.280	13.770	13.280	13.870	0.180	0.000000	13.97	13.28	0.00	6
EIT-UN	2011-11-23	0.198694	5.032860e+5	13.870	13.410	14.060	12.310	13.410	13.770	13.410	13.870	0.260	0.000000	13.97	13.41	0.00	7
EIT-UN	2011-11-22	0.195467	5.115940e+5	13.870	13.410	14.060	12.310	13.410	13.870	13.410	13.870	0.120	0.000000	13.97	13.41	0.00	8
EIT-UN	2011-11-21	0.199439	5.014050e+5	13.870	13.470	14.060	12.310	13.590	13.870	13.470	13.870	0.320	0.000000	13.97	13.47	0.00	9
EIT-UN	2011-11-18	0.193094	5.178820e+5	13.870	13.380	14.060	12.310	13.610	13.870	13.380	13.870	0.090	0.000000	13.97	13.38	0.00	10
EIT-UN	2011-11-17	0.198520	5.037270e+5	13.870	13.320	14.060	12.310	13.610	13.870	13.320	13.870	0.190	0.000000	13.97	13.32	0.00	11
EIT-UN	2011-11-16	0.198969	5.025920e+5	13.870	13.320	14.060	12.310	13.570	13.870	13.320	13.870	0.100	0.000000	13.97	13.32	0.00	12
EIT-UN	2011-11-15	0.204177	4.897700e+5	13.870	13.320	14.060	12.310	13.530	13.870	13.320	13.870	0.130	0.000000	13.97	13.32	0.00	13
EIT-UN	2011-11-14	0.208082	4.805810e+5	13.870	13.320	14.060	12.310	13.530	13.870	13.320	13.870	0.080	0.000000	13.97	13.32	0.00	14
EIT-UN	2011-11-11	0.214823	4.655000e+5	13.870	13.320	14.060	12.310	13.530	13.870	13.320	13.870	0.180	0.000000	13.98	13.32	0.00	15
EIT-UN	2011-11-10	0.216655	4.615620e+5	13.870	13.320	14.060	12.310	13.530	13.870	13.320	13.870	0.190	0.000000	13.98	13.32	0.00	16
EIT-UN	2011-11-09	0.218058	4.585930e+5	13.870	13.320	14.060	12.310	13.530	13.870	13.320	13.870	0.280	0.000000	13.98	13.32	0.00	17
EIT-UN	2011-11-08	0.214798	4.655530e+5	13.790	13.320	14.060	12.310	13.470	13.790	13.320	13.790	0.150	0.000000	13.90	13.32	0.00	18
EIT-UN	2011-11-07	0.218209	4.582770e+5	13.790	12.900	14.060	12.310	13.470	13.790	12.900	13.790	0.140	0.000000	13.90	12.90	0.00	19
EIT-UN	2011-11-04	0.222325	4.497920e+5	13.790	12.900	14.060	12.310	13.380	13.790	12.900	13.790	0.100	0.000000	13.90	12.90	0.00	20
EIT-UN	2011-11-03	0.228763	4.371330e+5	13.790	12.640	14.060	12.310	13.320	13.790	12.640	13.790	0.180	0.000000	13.90	12.64	0.00	21
EIT-UN	2011-11-02	0.231330	4.322840e+5	13.790	12.310	14.220	12.310	13.320	13.790	12.310	13.790	0.230	0.000000	13.91	12.31	0.00	22
EIT-UN	2011-11-01	0.231400	4.321530e+5	13.790	12.310	14.220	12.310	13.320	13.790	12.310	13.790	0.280	0.000000	13.91	12.31	0.00	23
EIT-UN	2011-10-31	0.228842	4.369830e+5	13.790	12.310	14.220	12.310	13.320	13.790	12.310	13.790	0.180	0.000000	13.90	12.31	0.00	24
EIT-UN	2011-10-28	0.231412	4.321290e+5	13.760	12.310	14.220	12.310	13.320	13.760	12.310	13.760	0.210	0.000000	13.88	12.31	0.00	25
EIT-UN	2011-10-27	0.232539	4.300350e+5	13.600	12.310	14.220	12.310	13.320	13.600	12.310	13.600	0.360	0.000000	13.72	12.31	0.00	26
EIT-UN	2011-10-26	0.225831	4.428100e+5	13.750	12.310	14.220	12.310	13.320	13.600	12.310	13.750	0.190	0.000000	13.86	12.31	0.00	27
EIT-UN	2011-10-25	0.227717	4.391420e+5	13.750	12.310	14.220	12.310	13.320	13.600	12.310	13.750	0.140	0.000000	13.86	12.31	0.00	28
EIT-UN	2011-10-24	0.232333	4.304160e+5	13.750	12.310	14.220	12.310	12.900	13.600	12.310	13.750	0.130	0.000000	13.87	12.31	0.00	29
EIT-UN	2011-10-21	0.237719	4.206640e+5	13.750	12.310	14.440	12.310	12.900	13.600	12.310	13.750	0.130	0.000000	13.87	12.31	0.00	30
EIT-UN	2011-10-20	0.243389	4.108660e+5	13.940	12.310	14.450	12.310	12.640	13.600	12.310	13.940	0.170	0.000000	14.06	12.31	0.00	31
EIT-UN	2011-10-19	0.247251	4.044470e+5	14.060	12.310	14.490	12.310	12.310	13.600	12.310	14.060	0.090	0.000000	14.18	12.31	0.00	32
EIT-UN	2011-10-18	0.255528	3.913470e+5	14.060	12.310	14.560	12.310	12.310	13.600	12.310	14.060	0.150	0.000000	14.19	12.31	0.00	33
EIT-UN	2011-10-17	0.261082	3.830220e+5	14.060	12.310	14.660	12.310	12.310	13.600	12.310	14.060	0.170	0.000000	14.19	12.31	0.00	34
EIT-UN	2011-10-14	0.265875	3.761160e+5	14.060	12.310	14.850	12.310	12.310	13.400	12.310	14.060	0.230	0.000000	14.19	12.31	0.00	35
EIT-UN	2011-10-13	0.267764	3.734640e+5	14.060	12.310	14.850	12.310	12.310	13.400	12.310	14.060	0.150	0.000000	14.19	12.31	0.00	36
EIT-UN	2011-10-12	0.273962	3.650150e+5	14.060	12.310	14.890	12.310	12.310	13.750	12.310	14.060	0.140	0.000000	14.20	12.31	0.00	37
EIT-UN	2011-10-11	0.281012	3.558560e+5	14.060	12.310	14.890	12.310	12.310	13.750	12.310	14.060	0.470	0.000000	14.20	12.31	0.00	38
EIT-UN	2011-10-07	0.271066	3.689140e+5	14.060	12.310	14.890	12.310	12.310	13.750	12.310	14.060	0.200	0.000000	14.20	12.31	0.00	39
EIT-UN	2011-10-06	0.274806	3.638930e+5	14.060	12.310	14.890	12.310	12.310	13.750	12.310	14.060	0.420	0.000000	14.20	12.31	0.00	40
EIT-UN	2011-10-05	0.267164	3.743020e+5	14.060	12.310	14.890	12.310	12.310	13.940	12.310	14.060	0.370	0.000000	14.19	12.31	0.00	41
EIT-UN	2011-10-04	0.261752	3.820420e+5	14.060	12.550	14.890	12.550	12.550	14.060	12.550	14.060	0.500	0.000000	14.19	12.55	0.00	42
EIT-UN	2011-10-03	0.249212	4.012640e+5	14.060	13.080	14.890	12.570	13.080	14.060	13.080	14.060	0.590	0.000000	14.18	13.08	0.00	43
EIT-UN	2011-09-30	0.231276	4.323840e+5	14.060	13.180	14.890	12.570	13.180	14.060	13.180	14.060	0.150	0.000000	14.18	13.18	0.00	44
EIT-UN	2011-09-29	0.235554	4.245320e+5	14.060	13.340	14.890	12.570	13.340	14.060	13.340	14.060	0.340	0.000000	14.18	13.34	0.00	45
EIT-UN	2011-09-28	0.230057	4.346760e+5	14.060	13.560	14.890	12.570	13.560	14.060	13.560	14.060	0.450	0.000000	14.18	13.56	0.00	46
EIT-UN	2011-09-27	0.218481	4.577060e+5	14.060	13.560	14.890	12.570	13.560	14.060	13.560	14.060	0.250	0.000000	14.17	13.56	0.00	47
EIT-UN	2011-09-26	0.216822	4.612080e+5	14.060	13.560	14.890	12.570	13.560	14.060	13.560	14.060	0.190	0.000000	14.17	13.56	0.00	48
EIT-UN	2011-09-23	0.218233	4.582250e+5	14.060	13.660	14.890	12.570	13.740	14.060	13.660	14.060	0.240	0.000000	14.17	13.66	0.00	49
EIT-UN	2011-09-22	0.217088	4.606430e+5	14.060	13.660	14.890	12.570	13.860	14.060	13.660	14.060	0.380	0.000000	14.17	13.66	0.00	50
EIT-UN	2011-09-21	0.208513	4.795850e+5	14.060	13.660	14.890	12.570	13.860	14.060	13.660	14.060	0.130	0.000000	14.16	13.66	0.00	51
EIT-UN	2011-09-20	0.212646	4.702660e+5	14.000	13.550	14.890	12.570	13.730	14.000	13.550	14.000	0.120	0.000000	14.11	13.55	0.00	52
EIT-UN	2011-09-19	0.217522	4.597240e+5	14.000	13.500	14.890	12.570	13.730	14.000	13.500	14.000	0.200	0.000000	14.11	13.50	0.00	53
