#Header line 	date 	volatility 	unit 		brkh20 	brkl20 	brkh55 	brkl55 	low10 	high10 	low20 	high20 	truerng	ignore20	add 	sellall	normalizedprice
WMT	2011-12-02	0.930351	1.074860e+5	59.320	56.640	59.320	50.280	56.640	58.900	56.640	59.320	0.930	0.000000	59.79	56.64	0.00	1
WMT	2011-12-01	0.930370	1.074840e+5	59.320	56.640	59.320	50.280	56.640	58.900	56.640	59.320	0.690	0.000000	59.79	56.64	0.00	2
WMT	2011-11-30	0.943021	1.060420e+5	59.320	56.230	59.320	50.280	56.640	58.170	56.230	59.320	0.830	0.000000	59.79	56.23	0.00	3
WMT	2011-11-29	0.948969	1.053770e+5	59.320	56.230	59.320	50.280	56.640	58.890	56.230	59.320	1.050	0.000000	59.79	56.23	0.00	4
WMT	2011-11-28	0.943652	1.059710e+5	59.320	56.230	59.320	50.280	56.640	59.200	56.230	59.320	1.110	0.000000	59.79	56.23	0.00	5
WMT	2011-11-25	0.934897	1.069640e+5	59.320	56.230	59.320	50.280	56.640	59.200	56.230	59.320	0.690	0.000000	59.79	56.23	0.00	6
WMT	2011-11-23	0.947786	1.055090e+5	59.320	56.230	59.320	50.280	56.660	59.200	56.230	59.320	0.680	0.000000	59.79	56.23	0.00	7
WMT	2011-11-22	0.961880	1.039630e+5	59.320	56.230	59.320	50.280	56.660	59.320	56.230	59.320	0.630	0.000000	59.80	56.23	0.00	8
WMT	2011-11-21	0.979348	1.021090e+5	59.320	56.230	59.320	50.280	56.680	59.320	56.230	59.320	0.910	0.000000	59.81	56.23	0.00	9
WMT	2011-11-18	0.982997	1.017300e+5	59.320	56.230	59.320	50.280	56.680	59.320	56.230	59.320	0.750	0.000000	59.81	56.23	0.00	10
WMT	2011-11-17	0.995260	1.004760e+5	59.320	56.230	59.320	50.280	56.680	59.320	56.230	59.320	0.930	0.000000	59.82	56.23	0.00	11
WMT	2011-11-16	0.998695	1.001310e+5	59.320	56.230	59.320	50.280	56.860	59.320	56.230	59.320	0.820	0.000000	59.82	56.23	0.00	12
WMT	2011-11-15	1.008100	9.919650e+4	59.320	55.890	59.320	50.280	56.230	59.320	55.890	59.320	1.660	0.000000	59.82	55.89	0.00	13
WMT	2011-11-14	0.973790	1.026920e+5	59.320	54.780	59.320	50.280	56.230	59.320	54.780	59.320	0.840	0.000000	59.81	54.78	0.00	14
WMT	2011-11-11	0.980831	1.019540e+5	59.320	54.780	59.320	50.280	56.230	59.320	54.780	59.320	1.120	0.000000	59.81	54.78	0.00	15
WMT	2011-11-10	0.973507	1.027210e+5	59.320	54.780	59.320	50.280	56.230	59.320	54.780	59.320	0.980	0.000000	59.81	54.78	0.00	16
WMT	2011-11-09	0.973165	1.027580e+5	59.320	54.780	59.320	50.280	56.230	59.320	54.780	59.320	1.720	0.000000	59.81	54.78	0.00	17
WMT	2011-11-08	0.933858	1.070830e+5	57.940	54.720	57.940	50.280	56.230	57.940	54.720	57.940	1.550	0.000000	58.41	54.72	0.00	18
WMT	2011-11-07	0.901429	1.109350e+5	57.810	54.720	57.810	50.280	56.230	57.810	54.720	57.810	0.910	0.000000	58.26	54.72	0.00	19
WMT	2011-11-04	0.900978	1.109900e+5	57.810	53.700	57.810	50.280	56.230	57.810	53.700	57.810	0.600	0.000000	58.26	53.70	0.00	20
WMT	2011-11-03	0.916819	1.090730e+5	57.810	52.750	57.810	50.280	56.230	57.810	52.750	57.810	0.930	0.000000	58.27	52.75	0.00	21
WMT	2011-11-02	0.916125	1.091550e+5	57.810	52.650	57.810	50.280	56.230	57.810	52.650	57.810	0.960	0.000000	58.27	52.65	0.00	22
WMT	2011-11-01	0.913816	1.094310e+5	57.810	52.650	57.810	49.980	55.890	57.810	52.650	57.810	1.060	0.000000	58.27	52.65	0.00	23
WMT	2011-10-31	0.906122	1.103600e+5	57.810	51.960	57.810	49.750	54.780	57.810	51.960	57.810	0.710	0.000000	58.26	51.96	0.00	24
WMT	2011-10-28	0.916444	1.091170e+5	57.810	51.900	57.810	49.730	54.780	57.810	51.900	57.810	0.910	0.000000	58.27	51.90	0.00	25
WMT	2011-10-27	0.916784	1.090770e+5	57.370	51.900	57.370	48.410	54.780	57.370	51.900	57.370	0.590	0.000000	57.83	51.90	0.00	26
WMT	2011-10-26	0.933983	1.070680e+5	56.920	51.310	56.920	48.410	54.780	56.920	51.310	56.920	0.840	0.000000	57.39	51.31	0.00	27
WMT	2011-10-25	0.938929	1.065040e+5	56.920	51.310	56.920	48.410	54.720	56.920	51.310	56.920	0.600	0.000000	57.39	51.31	0.00	28
WMT	2011-10-24	0.956768	1.045190e+5	56.920	51.310	56.920	48.410	54.720	56.920	51.310	56.920	0.400	0.000000	57.40	51.31	0.00	29
WMT	2011-10-21	0.986071	1.014130e+5	56.370	50.800	56.370	48.410	53.700	56.370	50.800	56.370	1.050	0.000000	56.86	50.80	0.00	30
WMT	2011-10-20	0.982706	1.017600e+5	56.250	50.280	56.250	48.410	52.750	56.250	50.280	56.250	0.830	0.000000	56.74	50.28	0.00	31
WMT	2011-10-19	0.990744	1.009340e+5	55.890	50.280	55.890	48.410	52.650	55.890	50.280	55.890	0.730	0.000000	56.39	50.28	0.00	32
WMT	2011-10-18	1.004470	9.955530e+4	55.460	50.280	55.460	48.410	52.650	55.460	50.280	55.460	1.410	0.000000	55.96	50.28	0.00	33
WMT	2011-10-17	0.983123	1.017170e+5	55.460	50.280	55.460	48.410	51.960	55.460	50.280	55.460	0.980	0.000000	55.95	50.28	0.00	34
WMT	2011-10-14	0.983288	1.017000e+5	55.200	50.280	55.200	48.410	51.900	55.200	50.280	55.200	0.840	0.000000	55.69	50.28	0.00	35
WMT	2011-10-13	0.990829	1.009260e+5	55.200	50.280	55.200	48.410	51.900	55.200	50.280	55.200	0.590	0.000000	55.70	50.28	0.00	36
WMT	2011-10-12	1.011930	9.882150e+4	54.810	50.280	54.810	48.410	51.310	54.810	50.280	54.810	1.670	0.000000	55.32	50.28	0.00	37
WMT	2011-10-11	0.977290	1.023240e+5	54.810	50.280	54.810	48.410	51.310	54.810	50.280	54.810	0.420	0.000000	55.30	50.28	0.00	38
WMT	2011-10-10	1.006620	9.934230e+4	53.700	50.280	54.520	48.410	51.310	53.700	50.280	53.700	1.480	0.000000	54.20	50.28	0.00	39
WMT	2011-10-07	0.981706	1.018630e+5	52.880	50.280	54.520	48.410	50.800	52.880	50.280	52.880	1.280	0.000000	53.37	50.28	0.00	40
WMT	2011-10-06	0.966006	1.035190e+5	52.880	50.280	54.520	48.410	50.280	52.880	50.280	52.880	0.570	0.000000	53.36	50.28	0.00	41
WMT	2011-10-05	0.986849	1.013330e+5	52.880	50.280	54.520	48.410	50.280	52.880	50.280	52.880	1.120	0.000000	53.37	50.28	0.00	42
WMT	2011-10-04	0.979841	1.020570e+5	52.650	50.280	54.520	48.410	50.280	52.290	50.280	52.650	1.350	0.000000	53.14	50.28	0.00	43
WMT	2011-10-03	0.960359	1.041280e+5	52.650	50.280	54.520	48.410	50.280	52.450	50.280	52.650	1.070	0.000000	53.13	50.28	0.00	44
WMT	2011-09-30	0.954588	1.047570e+5	52.650	50.280	54.520	48.410	50.280	52.650	50.280	52.650	0.880	0.000000	53.13	50.28	0.00	45
WMT	2011-09-29	0.958514	1.043280e+5	53.190	50.280	54.520	48.410	50.280	52.650	50.280	53.190	1.090	0.000000	53.67	50.28	0.00	46
WMT	2011-09-28	0.951594	1.050870e+5	53.190	50.280	54.520	48.410	50.280	52.650	50.280	53.190	1.130	0.000000	53.67	50.28	0.00	47
WMT	2011-09-27	0.942204	1.061340e+5	53.190	50.280	54.520	48.410	50.280	52.650	50.280	53.190	1.060	0.000000	53.66	50.28	0.00	48
WMT	2011-09-26	0.936004	1.068370e+5	53.190	50.280	54.520	48.410	50.280	52.650	50.280	53.190	1.050	0.000000	53.66	50.28	0.00	49
WMT	2011-09-23	0.930004	1.075260e+5	53.190	50.280	54.520	48.410	50.280	52.650	50.280	53.190	0.930	0.000000	53.66	50.28	0.00	50
WMT	2011-09-22	0.930004	1.075260e+5	53.370	51.320	54.520	48.410	51.320	52.650	51.320	53.370	1.380	0.000000	53.84	51.32	0.00	51
WMT	2011-09-21	0.906320	1.103360e+5	53.370	51.360	54.520	48.410	51.360	52.650	51.360	53.370	1.300	0.000000	53.82	51.36	0.00	52
WMT	2011-09-20	0.885601	1.129180e+5	53.370	51.360	54.520	48.410	51.360	52.650	51.360	53.370	0.750	0.000000	53.81	51.36	0.00	53
WMT	2011-09-19	0.892737	1.120150e+5	53.370	51.360	54.520	48.410	51.360	52.650	51.360	53.370	0.610	0.000000	53.82	51.36	0.00	54
