#Header line 	date 	volatility 	unit 		brkh20 	brkl20 	brkh55 	brkl55 	low10 	high10 	low20 	high20 	truerng	ignore20	add 	sellall	normalizedprice
SOR	2011-12-02	1.250620	7.996050e+4	47.840	42.890	48.520	39.820	42.890	46.050	42.890	47.840	1.100	0.000000	48.47	42.89	0.00	1
SOR	2011-12-01	1.258550	7.945680e+4	47.840	42.890	48.520	39.820	42.890	46.870	42.890	47.840	1.730	0.000000	48.47	42.89	0.00	2
SOR	2011-11-30	1.233730	8.105490e+4	47.840	42.890	48.520	39.820	42.890	47.600	42.890	47.840	1.870	0.000000	48.46	42.89	0.00	3
SOR	2011-11-29	1.200240	8.331640e+4	47.840	42.890	48.520	39.820	42.890	47.600	42.890	47.840	0.900	0.000000	48.44	42.89	0.00	4
SOR	2011-11-28	1.216050	8.223370e+4	48.520	42.890	48.520	39.820	42.890	47.600	42.890	48.520	1.610	0.000000	49.13	42.89	0.00	5
SOR	2011-11-25	1.195310	8.366020e+4	48.520	43.360	48.520	39.820	43.360	47.600	43.360	48.520	1.160	0.000000	49.12	43.36	0.00	6
SOR	2011-11-23	1.197170	8.353030e+4	48.520	44.400	48.520	39.820	44.400	47.600	44.400	48.520	1.090	0.000000	49.12	44.40	0.00	7
SOR	2011-11-22	1.202810	8.313860e+4	48.520	44.950	48.520	39.820	44.950	47.840	44.950	48.520	1.340	0.000000	49.12	44.95	0.00	8
SOR	2011-11-21	1.195590	8.364070e+4	48.520	45.600	48.520	39.820	45.600	47.840	45.600	48.520	1.080	0.000000	49.12	45.60	0.00	9
SOR	2011-11-18	1.201670	8.321720e+4	48.520	45.320	48.520	39.820	45.710	47.840	45.320	48.520	0.350	0.000000	49.12	45.32	0.00	10
SOR	2011-11-17	1.246500	8.022470e+4	48.520	44.230	48.520	39.820	45.860	47.840	44.230	48.520	1.490	0.000000	49.14	44.23	0.00	11
SOR	2011-11-16	1.233680	8.105810e+4	48.520	44.130	48.520	39.820	45.860	47.840	44.130	48.520	0.960	0.000000	49.14	44.13	0.00	12
SOR	2011-11-15	1.248090	8.012260e+4	48.520	44.130	48.520	39.820	45.780	47.840	44.130	48.520	0.900	0.000000	49.14	44.13	0.00	13
SOR	2011-11-14	1.266410	7.896350e+4	48.520	43.630	48.520	39.820	45.780	47.840	43.630	48.520	0.560	0.000000	49.15	43.63	0.00	14
SOR	2011-11-11	1.303590	7.671140e+4	48.520	43.630	48.520	39.820	45.780	48.520	43.630	48.520	1.370	0.000000	49.17	43.63	0.00	15
SOR	2011-11-10	1.300090	7.691760e+4	48.520	43.630	48.520	39.820	45.780	48.520	43.630	48.520	0.770	0.000000	49.17	43.63	0.00	16
SOR	2011-11-09	1.327990	7.530170e+4	48.520	43.630	48.520	39.820	45.780	48.520	43.630	48.520	1.990	0.000000	49.18	43.63	0.00	17
SOR	2011-11-08	1.293150	7.733060e+4	48.520	43.630	48.520	39.820	45.780	48.520	43.630	48.520	0.720	0.000000	49.17	43.63	0.00	18
SOR	2011-11-07	1.323320	7.556780e+4	48.520	43.630	48.520	39.820	45.780	48.520	43.630	48.520	0.960	0.000000	49.18	43.63	0.00	19
SOR	2011-11-04	1.342440	7.449140e+4	48.520	42.100	48.520	39.820	45.320	48.520	42.100	48.520	0.580	0.000000	49.19	42.10	0.00	20
SOR	2011-11-03	1.382570	7.232930e+4	48.520	42.100	48.520	39.820	44.230	48.520	42.100	48.520	1.570	0.000000	49.21	42.10	0.00	21
SOR	2011-11-02	1.372700	7.284910e+4	48.520	41.930	48.520	39.820	44.130	48.520	41.930	48.520	1.050	0.000000	49.21	41.93	0.00	22
SOR	2011-11-01	1.389680	7.195880e+4	48.520	40.910	48.520	39.820	44.130	48.520	40.910	48.520	3.010	0.000000	49.21	40.91	0.00	23
SOR	2011-10-31	1.304400	7.666330e+4	48.520	39.820	48.520	39.820	43.630	48.520	39.820	48.520	1.010	0.000000	49.17	39.82	0.00	24
SOR	2011-10-28	1.319900	7.576330e+4	48.300	39.820	48.300	39.820	43.630	48.300	39.820	48.300	0.650	0.000000	48.96	39.82	0.00	25
SOR	2011-10-27	1.355160	7.379220e+4	46.800	39.820	47.970	39.820	43.630	46.800	39.820	46.800	2.260	0.000000	47.48	39.82	0.00	26
SOR	2011-10-26	1.307530	7.647980e+4	46.800	39.820	47.970	39.820	43.630	46.800	39.820	46.800	1.200	0.000000	47.45	39.82	0.00	27
SOR	2011-10-25	1.313190	7.615020e+4	46.800	39.820	47.970	39.820	43.630	46.800	39.820	46.800	1.190	0.000000	47.46	39.82	0.00	28
SOR	2011-10-24	1.319680	7.577610e+4	45.320	39.820	47.970	39.820	43.630	45.320	39.820	45.320	1.590	0.000000	45.98	39.82	0.00	29
SOR	2011-10-21	1.305450	7.660190e+4	45.070	39.820	47.970	39.820	42.100	45.070	39.820	45.070	1.220	0.000000	45.72	39.82	0.00	30
SOR	2011-10-20	1.309950	7.633890e+4	45.070	39.820	50.450	39.820	42.100	45.070	39.820	45.070	0.750	0.000000	45.73	39.82	0.00	31
SOR	2011-10-19	1.339420	7.465920e+4	45.070	39.820	50.500	39.820	41.930	45.070	39.820	45.070	1.050	0.000000	45.74	39.82	0.00	32
SOR	2011-10-18	1.354650	7.381970e+4	45.100	39.820	52.130	39.820	40.910	45.070	39.820	45.100	1.650	0.000000	45.78	39.82	0.00	33
SOR	2011-10-17	1.339110	7.467660e+4	45.750	39.820	52.130	39.820	39.820	45.070	39.820	45.750	1.530	0.000000	46.42	39.82	0.00	34
SOR	2011-10-14	1.329060	7.524120e+4	46.350	39.820	52.680	39.820	39.820	44.770	39.820	46.350	0.800	0.000000	47.01	39.82	0.00	35
SOR	2011-10-13	1.356900	7.369710e+4	46.350	39.820	53.210	39.820	39.820	44.770	39.820	46.350	0.900	0.000000	47.03	39.82	0.00	36
SOR	2011-10-12	1.380950	7.241380e+4	46.350	39.820	55.050	39.820	39.820	44.080	39.820	46.350	0.990	0.000000	47.04	39.82	0.00	37
SOR	2011-10-11	1.401530	7.135060e+4	46.350	39.820	55.790	39.820	39.820	43.630	39.820	46.350	0.780	0.000000	47.05	39.82	0.00	38
SOR	2011-10-10	1.434240	6.972330e+4	46.350	39.820	55.790	39.820	39.820	43.050	39.820	46.350	1.820	0.000000	47.07	39.82	0.00	39
SOR	2011-10-07	1.413940	7.072450e+4	46.350	39.820	55.790	39.820	39.820	43.050	39.820	46.350	1.170	0.000000	47.06	39.82	0.00	40
SOR	2011-10-06	1.426780	7.008800e+4	46.350	39.820	55.790	39.820	39.820	43.050	39.820	46.350	1.230	0.000000	47.06	39.82	0.00	41
SOR	2011-10-05	1.437130	6.958300e+4	46.350	39.820	55.830	39.820	39.820	43.590	39.820	46.350	1.150	0.000000	47.07	39.82	0.00	42
SOR	2011-10-04	1.452250	6.885890e+4	46.350	39.820	55.830	39.820	39.820	45.100	39.820	46.350	2.210	0.000000	47.08	39.82	0.00	43
SOR	2011-10-03	1.412360	7.080330e+4	46.350	41.340	56.860	41.340	41.340	45.750	41.340	46.350	2.020	0.000000	47.06	41.34	0.00	44
SOR	2011-09-30	1.380380	7.244370e+4	46.350	41.340	56.860	41.340	41.340	46.350	41.340	46.350	0.900	0.000000	47.04	41.34	0.00	45
SOR	2011-09-29	1.405670	7.114060e+4	46.850	41.340	57.410	41.340	41.340	46.350	41.340	46.850	1.360	0.000000	47.55	41.34	0.00	46
SOR	2011-09-28	1.408070	7.101920e+4	46.850	41.340	57.410	41.340	41.340	46.350	41.340	46.850	1.110	0.000000	47.55	41.34	0.00	47
SOR	2011-09-27	1.423760	7.023670e+4	46.850	41.340	57.410	41.340	41.340	46.350	41.340	46.850	1.770	0.000000	47.56	41.34	0.00	48
SOR	2011-09-26	1.405530	7.114730e+4	46.850	41.340	57.700	41.340	41.340	46.350	41.340	46.850	1.240	0.000000	47.55	41.34	0.00	49
SOR	2011-09-23	1.414250	7.070900e+4	46.850	41.340	58.490	41.340	41.340	46.350	41.340	46.850	0.820	0.000000	47.56	41.34	0.00	50
SOR	2011-09-22	1.445520	6.917910e+4	46.850	43.340	58.490	42.830	43.340	46.350	43.340	46.850	2.710	0.000000	47.57	43.34	0.00	51
SOR	2011-09-21	1.378970	7.251780e+4	46.850	43.340	58.490	42.830	43.340	46.350	43.340	46.850	1.520	0.000000	47.54	43.34	0.00	52
SOR	2011-09-20	1.371550	7.291030e+4	46.850	42.830	58.490	42.830	43.340	46.350	42.830	46.850	0.940	0.000000	47.54	42.83	0.00	53
SOR	2011-09-19	1.394260	7.172250e+4	46.850	42.830	58.490	42.830	43.340	46.350	42.830	46.850	1.050	0.000000	47.55	42.83	0.00	54
