#Header line 	date 	volatility 	unit 		brkh20 	brkl20 	brkh55 	brkl55 	low10 	high10 	low20 	high20 	truerng	ignore20	add 	sellall	normalizedprice
DWX	2011-12-01	1.276900	7.831460e+4	49.600	43.860	52.180	43.210	43.860	48.030	43.860	49.600	0.600	0.000000	50.24	43.86	0.00	1
DWX	2011-11-30	1.312530	7.618890e+4	49.600	43.860	52.180	43.210	43.860	47.740	43.860	49.600	2.270	0.000000	50.26	43.86	0.00	2
DWX	2011-11-29	1.262130	7.923090e+4	49.600	43.860	52.180	43.210	43.860	47.890	43.860	49.600	0.500	0.000000	50.23	43.86	0.00	3
DWX	2011-11-28	1.302250	7.679040e+4	51.350	43.860	52.180	43.210	43.860	48.950	43.860	51.350	2.040	0.000000	52.00	43.86	0.00	4
DWX	2011-11-25	1.263420	7.915040e+4	52.180	44.090	52.180	43.210	44.090	48.950	44.090	52.180	0.570	0.000000	52.81	44.09	0.00	5
DWX	2011-11-23	1.299910	7.692820e+4	52.180	45.380	52.180	43.210	45.380	48.950	45.380	52.180	1.380	0.000000	52.83	45.38	0.00	6
DWX	2011-11-22	1.295700	7.717850e+4	52.180	45.400	52.180	43.210	45.400	49.600	45.400	52.180	0.560	0.000000	52.83	45.40	0.00	7
DWX	2011-11-21	1.334420	7.493900e+4	52.180	46.380	52.180	43.210	46.380	49.600	46.380	52.180	1.790	0.000000	52.85	46.38	0.00	8
DWX	2011-11-18	1.310440	7.631020e+4	52.180	46.380	52.180	43.210	46.380	49.600	46.380	52.180	0.830	0.000000	52.84	46.38	0.00	9
DWX	2011-11-17	1.335730	7.486560e+4	52.180	46.920	52.180	43.210	46.920	49.600	46.920	52.180	1.210	0.000000	52.85	46.92	0.00	10
DWX	2011-11-16	1.342340	7.449650e+4	52.180	46.960	52.180	43.210	46.960	49.600	46.960	52.180	0.900	0.000000	52.85	46.96	0.00	11
DWX	2011-11-15	1.365630	7.322650e+4	52.180	46.960	52.180	43.210	46.960	49.600	46.960	52.180	0.650	0.000000	52.86	46.96	0.00	12
DWX	2011-11-14	1.403290	7.126110e+4	52.180	46.960	52.180	43.210	46.960	49.600	46.960	52.180	1.320	0.000000	52.88	46.96	0.00	13
DWX	2011-11-11	1.407670	7.103920e+4	52.180	46.960	52.180	43.210	46.960	51.350	46.960	52.180	1.230	0.000000	52.88	46.96	0.00	14
DWX	2011-11-10	1.417030	7.057040e+4	52.180	46.960	52.180	43.210	46.960	52.180	46.960	52.180	1.180	0.000000	52.89	46.96	0.00	15
DWX	2011-11-09	1.429500	6.995450e+4	52.180	47.420	52.180	43.210	47.420	52.180	47.420	52.180	2.850	0.000000	52.89	47.42	0.00	16
DWX	2011-11-08	1.354740	7.381510e+4	52.180	47.420	52.180	43.210	47.420	52.180	47.420	52.180	1.010	0.000000	52.86	47.42	0.00	17
DWX	2011-11-07	1.372880	7.283950e+4	52.180	47.420	52.180	43.210	47.420	52.180	47.420	52.180	0.730	0.000000	52.87	47.42	0.00	18
DWX	2011-11-04	1.406720	7.108750e+4	52.180	45.650	52.180	43.210	47.420	52.180	45.650	52.180	1.450	0.000000	52.88	45.65	0.00	19
DWX	2011-11-03	1.404440	7.120280e+4	52.180	45.650	52.180	43.210	47.420	52.180	45.650	52.180	1.420	0.000000	52.88	45.65	0.00	20
DWX	2011-11-02	1.403620	7.124440e+4	52.180	44.900	52.180	43.210	47.420	52.180	44.900	52.180	1.060	0.000000	52.88	44.90	0.00	21
DWX	2011-11-01	1.421710	7.033810e+4	52.180	44.300	52.180	43.210	47.810	52.180	44.300	52.180	2.090	0.000000	52.89	44.30	0.00	22
DWX	2011-10-31	1.386530	7.212240e+4	52.180	43.210	52.180	43.210	47.810	52.180	43.210	52.180	2.110	0.000000	52.87	43.21	0.00	23
DWX	2011-10-28	1.348450	7.415900e+4	52.180	43.210	52.180	43.210	47.810	52.180	43.210	52.180	1.160	0.000000	52.85	43.21	0.00	24
DWX	2011-10-27	1.358370	7.361750e+4	49.910	43.210	52.070	43.210	47.810	49.910	43.210	49.910	2.760	0.000000	50.59	43.21	0.00	25
DWX	2011-10-26	1.284600	7.784500e+4	49.910	43.210	52.070	43.210	47.810	49.910	43.210	49.910	1.050	0.000000	50.55	43.21	0.00	26
DWX	2011-10-25	1.296950	7.710390e+4	49.910	43.210	52.070	43.210	47.500	49.910	43.210	49.910	1.130	0.000000	50.56	43.21	0.00	27
DWX	2011-10-24	1.305740	7.658510e+4	49.140	43.210	52.070	43.210	47.500	49.140	43.210	49.140	1.160	0.000000	49.79	43.21	0.00	28
DWX	2011-10-21	1.313410	7.613780e+4	48.990	43.210	52.070	43.210	45.650	48.990	43.210	48.990	1.170	0.000000	49.65	43.21	0.00	29
DWX	2011-10-20	1.320960	7.570280e+4	48.990	43.210	53.670	43.210	45.650	48.990	43.210	48.990	0.980	0.000000	49.65	43.21	0.00	30
DWX	2011-10-19	1.338900	7.468810e+4	48.990	43.210	53.670	43.210	44.900	48.990	43.210	48.990	0.910	0.000000	49.66	43.21	0.00	31
DWX	2011-10-18	1.361470	7.344980e+4	48.990	43.210	55.220	43.210	44.300	48.990	43.210	48.990	1.580	0.000000	49.67	43.21	0.00	32
DWX	2011-10-17	1.349970	7.407550e+4	48.990	43.210	55.710	43.210	43.210	48.990	43.210	48.990	1.240	0.000000	49.66	43.21	0.00	33
DWX	2011-10-14	1.355760	7.375930e+4	48.470	43.210	55.710	43.210	43.210	48.470	43.210	48.470	0.650	0.000000	49.15	43.21	0.00	34
DWX	2011-10-13	1.392910	7.179230e+4	49.290	43.210	55.750	43.210	43.210	48.400	43.210	49.290	0.870	0.000000	49.99	43.21	0.00	35
DWX	2011-10-12	1.420430	7.040130e+4	49.290	43.210	56.850	43.210	43.210	47.700	43.210	49.290	1.330	0.000000	50.00	43.21	0.00	36
DWX	2011-10-11	1.425190	7.016620e+4	49.290	43.210	56.850	43.210	43.210	47.700	43.210	49.290	0.840	0.000000	50.00	43.21	0.00	37
DWX	2011-10-10	1.455990	6.868190e+4	49.290	43.210	56.970	43.210	43.210	46.140	43.210	49.290	2.110	0.000000	50.02	43.21	0.00	38
DWX	2011-10-07	1.421570	7.034500e+4	49.290	43.210	56.970	43.210	43.210	46.140	43.210	49.290	0.990	0.000000	50.00	43.21	0.00	39
DWX	2011-10-06	1.444280	6.923870e+4	49.640	43.210	56.970	43.210	43.210	46.120	43.210	49.640	1.390	0.000000	50.36	43.21	0.00	40
DWX	2011-10-05	1.447140	6.910200e+4	50.710	43.210	56.970	43.210	43.210	46.120	43.210	50.710	1.080	0.000000	51.43	43.21	0.00	41
DWX	2011-10-04	1.466460	6.819150e+4	50.710	43.210	56.970	43.210	43.210	47.010	43.210	50.710	1.800	0.000000	51.44	43.21	0.00	42
DWX	2011-10-03	1.448900	6.901770e+4	50.710	43.970	56.970	43.970	43.970	47.010	43.970	50.710	1.560	0.000000	51.43	43.97	0.00	43
DWX	2011-09-30	1.443060	6.929730e+4	51.500	43.970	56.970	43.970	43.970	48.080	43.970	51.500	1.560	0.000000	52.22	43.97	0.00	44
DWX	2011-09-29	1.436900	6.959420e+4	52.070	43.970	56.970	43.970	43.970	49.290	43.970	52.070	1.460	0.000000	52.79	43.97	0.00	45
DWX	2011-09-28	1.435690	6.965310e+4	52.070	43.970	56.970	43.970	43.970	49.290	43.970	52.070	1.410	0.000000	52.79	43.97	0.00	46
DWX	2011-09-27	1.437040	6.958760e+4	52.070	43.970	56.970	43.970	43.970	49.290	43.970	52.070	1.700	0.000000	52.79	43.97	0.00	47
DWX	2011-09-26	1.423200	7.026430e+4	52.070	43.970	58.090	43.970	43.970	49.290	43.970	52.070	1.400	0.000000	52.78	43.97	0.00	48
DWX	2011-09-23	1.424420	7.020400e+4	52.070	43.970	58.850	43.970	43.970	49.290	43.970	52.070	0.670	0.000000	52.78	43.97	0.00	49
DWX	2011-09-22	1.464130	6.830020e+4	52.070	45.740	58.850	45.740	45.740	49.640	45.740	52.070	2.280	0.000000	52.80	45.74	0.00	50
DWX	2011-09-21	1.421180	7.036380e+4	52.070	46.900	58.850	46.820	46.900	50.710	46.900	52.070	1.770	0.000000	52.78	46.90	0.00	51
DWX	2011-09-20	1.402830	7.128470e+4	52.070	46.900	59.610	46.820	46.900	50.710	46.900	52.070	0.790	0.000000	52.77	46.90	0.00	52
DWX	2011-09-19	1.435080	6.968250e+4	52.070	47.560	59.610	46.820	47.560	50.710	47.560	52.070	1.810	0.000000	52.79	47.56	0.00	53
