#Header line 	date 	volatility 	unit 		brkh20 	brkl20 	brkh55 	brkl55 	low10 	high10 	low20 	high20 	truerng	ignore20	add 	sellall	normalizedprice
SPB	2011-12-02	0.289666	3.452250e+5	6.700	5.360	9.230	5.360	5.360	6.260	5.360	6.700	0.370	0.000000	6.84	5.36	0.00	1
SPB	2011-12-01	0.285438	3.503390e+5	6.700	5.360	9.230	5.360	5.360	6.380	5.360	6.700	0.350	0.000000	6.84	5.36	0.00	2
SPB	2011-11-30	0.282040	3.545600e+5	6.820	5.510	9.350	5.510	5.510	6.480	5.510	6.820	0.300	0.000000	6.96	5.51	0.00	3
SPB	2011-11-29	0.281095	3.557520e+5	6.820	5.760	9.360	5.760	5.760	6.550	5.760	6.820	0.420	0.000000	6.96	5.76	0.00	4
SPB	2011-11-28	0.273784	3.652520e+5	6.900	5.800	9.570	5.800	5.800	6.570	5.800	6.900	0.190	0.000000	7.04	5.80	0.00	5
SPB	2011-11-25	0.278194	3.594620e+5	7.170	5.800	9.700	5.800	5.800	6.680	5.800	7.170	0.190	0.000000	7.31	5.80	0.00	6
SPB	2011-11-24	0.282835	3.535630e+5	7.170	5.870	9.800	5.870	5.870	6.680	5.870	7.170	0.140	0.000000	7.31	5.87	0.00	7
SPB	2011-11-23	0.290353	3.444080e+5	7.170	6.010	9.800	6.010	6.010	6.680	6.010	7.170	0.190	0.000000	7.32	6.01	0.00	8
SPB	2011-11-22	0.295635	3.382550e+5	7.170	6.130	9.890	6.130	6.130	6.700	6.130	7.170	0.290	0.000000	7.32	6.13	0.00	9
SPB	2011-11-21	0.295931	3.379160e+5	7.170	6.260	10.080	6.180	6.260	6.700	6.260	7.170	0.290	0.000000	7.32	6.26	0.00	10
SPB	2011-11-18	0.296243	3.375600e+5	7.170	6.380	10.270	6.180	6.380	6.700	6.380	7.170	0.130	0.000000	7.32	6.38	0.00	11
SPB	2011-11-17	0.304993	3.278760e+5	7.170	6.480	10.270	6.180	6.480	6.700	6.480	7.170	0.150	0.000000	7.32	6.48	0.00	12
SPB	2011-11-16	0.313151	3.193350e+5	7.170	6.530	10.270	6.180	6.530	6.820	6.530	7.170	0.120	0.000000	7.33	6.53	0.00	13
SPB	2011-11-15	0.323316	3.092950e+5	7.260	6.530	10.380	6.180	6.530	6.820	6.530	7.260	0.100	0.000000	7.42	6.53	0.00	14
SPB	2011-11-14	0.335070	2.984450e+5	7.260	6.530	10.380	6.180	6.530	6.900	6.530	7.260	0.140	0.000000	7.43	6.53	0.00	15
SPB	2011-11-11	0.345337	2.895720e+5	7.260	6.530	10.380	6.180	6.530	7.170	6.530	7.260	0.190	0.000000	7.43	6.53	0.00	16
SPB	2011-11-10	0.353512	2.828760e+5	7.290	6.530	10.380	6.180	6.530	7.170	6.530	7.290	0.140	0.000000	7.47	6.53	0.00	17
SPB	2011-11-09	0.364750	2.741600e+5	7.520	6.530	10.380	6.180	6.530	7.170	6.530	7.520	0.180	0.000000	7.70	6.53	0.00	18
SPB	2011-11-08	0.374474	2.670420e+5	7.520	6.530	10.380	6.180	6.530	7.170	6.530	7.520	0.230	0.000000	7.71	6.53	0.00	19
SPB	2011-11-07	0.382077	2.617270e+5	7.520	6.530	10.380	6.180	6.530	7.170	6.530	7.520	0.150	0.000000	7.71	6.53	0.00	20
SPB	2011-11-04	0.394292	2.536190e+5	7.520	6.530	10.380	6.180	6.530	7.170	6.530	7.520	0.200	0.000000	7.72	6.53	0.00	21
SPB	2011-11-03	0.404518	2.472080e+5	7.520	6.620	10.380	6.180	6.620	7.170	6.620	7.520	0.810	0.000000	7.72	6.62	0.00	22
SPB	2011-11-02	0.383177	2.609760e+5	7.520	6.180	10.650	6.180	6.620	7.170	6.180	7.520	0.160	0.000000	7.71	6.18	0.00	23
SPB	2011-11-01	0.394923	2.532140e+5	7.520	6.180	10.650	6.180	6.620	7.260	6.180	7.520	0.240	0.000000	7.72	6.18	0.00	24
SPB	2011-10-31	0.403077	2.480920e+5	7.520	6.180	10.650	6.180	6.620	7.260	6.180	7.520	0.340	0.000000	7.72	6.18	0.00	25
SPB	2011-10-28	0.406397	2.460650e+5	8.490	6.180	10.650	6.180	6.620	7.260	6.180	8.490	0.560	0.000000	8.69	6.18	0.00	26
SPB	2011-10-27	0.398312	2.510590e+5	8.750	6.180	10.650	6.180	6.620	7.290	6.180	8.750	0.490	0.000000	8.95	6.18	0.00	27
SPB	2011-10-26	0.393486	2.541380e+5	9.230	6.180	10.650	6.180	6.620	7.520	6.180	9.230	0.170	0.000000	9.43	6.18	0.00	28
SPB	2011-10-25	0.405249	2.467620e+5	9.230	6.180	10.650	6.180	6.620	7.520	6.180	9.230	0.130	0.000000	9.43	6.18	0.00	29
SPB	2011-10-24	0.419736	2.382450e+5	9.230	6.180	10.650	6.180	6.620	7.520	6.180	9.230	0.330	0.000000	9.44	6.18	0.00	30
SPB	2011-10-21	0.424459	2.355940e+5	9.230	6.180	10.650	6.180	6.800	7.520	6.180	9.230	0.390	0.000000	9.44	6.18	0.00	31
SPB	2011-10-20	0.426272	2.345920e+5	9.230	6.180	10.720	6.180	6.680	7.520	6.180	9.230	0.280	0.000000	9.44	6.18	0.00	32
SPB	2011-10-19	0.433971	2.304300e+5	9.230	6.180	10.910	6.180	6.180	7.520	6.180	9.230	0.280	0.000000	9.45	6.18	0.00	33
SPB	2011-10-18	0.442074	2.262060e+5	9.230	6.180	10.980	6.180	6.180	7.520	6.180	9.230	0.250	0.000000	9.45	6.18	0.00	34
SPB	2011-10-17	0.452184	2.211490e+5	9.230	6.180	11.000	6.180	6.180	7.520	6.180	9.230	0.230	0.000000	9.46	6.18	0.00	35
SPB	2011-10-14	0.463877	2.155740e+5	9.230	6.180	11.090	6.180	6.180	8.490	6.180	9.230	0.270	0.000000	9.46	6.18	0.00	36
SPB	2011-10-13	0.474082	2.109340e+5	9.230	6.180	11.210	6.180	6.180	8.750	6.180	9.230	0.400	0.000000	9.47	6.18	0.00	37
SPB	2011-10-12	0.477981	2.092140e+5	9.350	6.180	11.210	6.180	6.180	9.230	6.180	9.350	0.570	0.000000	9.59	6.18	0.00	38
SPB	2011-10-11	0.473137	2.113550e+5	9.360	6.180	11.210	6.180	6.180	9.230	6.180	9.360	0.490	0.000000	9.60	6.18	0.00	39
SPB	2011-10-07	0.472250	2.117520e+5	9.570	6.180	11.230	6.180	6.180	9.230	6.180	9.570	0.410	0.000000	9.81	6.18	0.00	40
SPB	2011-10-06	0.475526	2.102930e+5	9.700	6.180	11.230	6.180	6.180	9.230	6.180	9.700	0.420	0.000000	9.94	6.18	0.00	41
SPB	2011-10-05	0.478449	2.090090e+5	9.800	6.180	11.230	6.180	6.180	9.230	6.180	9.800	1.280	0.000000	10.04	6.18	0.00	42
SPB	2011-10-04	0.436262	2.292200e+5	9.800	6.530	11.260	6.530	6.530	9.230	6.530	9.800	0.730	0.000000	10.02	6.53	0.00	43
SPB	2011-10-03	0.420802	2.376420e+5	9.890	7.520	11.260	7.520	7.520	9.230	7.520	9.890	1.090	0.000000	10.10	7.52	0.00	44
SPB	2011-09-30	0.385581	2.593490e+5	10.080	8.300	11.320	8.300	8.340	9.230	8.300	10.080	1.140	0.000000	10.27	8.30	0.00	45
SPB	2011-09-29	0.345875	2.891220e+5	10.270	8.300	11.320	8.300	8.300	9.230	8.300	10.270	0.400	0.000000	10.44	8.30	0.00	46
SPB	2011-09-28	0.343026	2.915230e+5	10.270	8.300	11.320	8.300	8.300	9.230	8.300	10.270	0.520	0.000000	10.44	8.30	0.00	47
SPB	2011-09-27	0.333712	2.996600e+5	10.270	8.300	11.540	8.300	8.300	9.350	8.300	10.270	0.910	0.000000	10.44	8.30	0.00	48
SPB	2011-09-26	0.303381	3.296190e+5	10.380	8.300	11.540	8.300	8.300	9.360	8.300	10.380	0.160	0.000000	10.53	8.30	0.00	49
SPB	2011-09-23	0.310927	3.216190e+5	10.380	8.300	11.540	8.300	8.300	9.570	8.300	10.380	0.360	0.000000	10.54	8.30	0.00	50
SPB	2011-09-22	0.308344	3.243130e+5	10.380	8.300	11.540	8.300	8.300	9.700	8.300	10.380	0.450	0.000000	10.53	8.30	0.00	51
SPB	2011-09-21	0.300889	3.323490e+5	10.380	8.300	11.540	8.300	8.300	9.800	8.300	10.380	0.210	0.000000	10.53	8.30	0.00	52
SPB	2011-09-20	0.305672	3.271480e+5	10.380	8.300	11.540	8.300	8.300	9.800	8.300	10.380	0.180	0.000000	10.53	8.30	0.00	53
SPB	2011-09-19	0.312287	3.202190e+5	10.380	8.300	11.540	8.300	8.300	9.890	8.300	10.380	0.280	0.000000	10.54	8.30	0.00	54
