#Header line 	date 	volatility 	unit 		brkh20 	brkl20 	brkh55 	brkl55 	low10 	high10 	low20 	high20 	truerng	ignore20	add 	sellall	normalizedprice
GIM	2011-12-01	0.192613	5.191770e+5	10.130	9.150	10.530	9.150	9.150	9.570	9.150	10.130	0.220	0.000000	10.23	9.15	0.00	1
GIM	2011-11-30	0.191171	5.230910e+5	10.130	9.150	10.620	9.150	9.150	9.720	9.150	10.130	0.390	0.000000	10.23	9.15	0.00	2
GIM	2011-11-29	0.180706	5.533840e+5	10.180	9.190	10.620	9.160	9.190	9.820	9.190	10.180	0.130	0.000000	10.27	9.19	0.00	3
GIM	2011-11-28	0.183375	5.453300e+5	10.180	9.250	10.650	9.160	9.250	9.820	9.250	10.180	0.140	0.000000	10.27	9.25	0.00	4
GIM	2011-11-25	0.185658	5.386240e+5	10.180	9.280	10.760	9.160	9.280	9.820	9.280	10.180	0.160	0.000000	10.27	9.28	0.00	5
GIM	2011-11-23	0.187009	5.347350e+5	10.180	9.300	10.760	9.160	9.300	9.870	9.300	10.180	0.120	0.000000	10.27	9.30	0.00	6
GIM	2011-11-22	0.190535	5.248370e+5	10.180	9.300	10.760	9.160	9.300	10.100	9.300	10.180	0.120	0.000000	10.28	9.30	0.00	7
GIM	2011-11-21	0.194248	5.148070e+5	10.180	9.390	10.850	9.160	9.390	10.110	9.390	10.180	0.160	0.000000	10.28	9.39	0.00	8
GIM	2011-11-18	0.196050	5.100730e+5	10.180	9.430	11.170	9.160	9.430	10.130	9.430	10.180	0.110	0.000000	10.28	9.43	0.00	9
GIM	2011-11-17	0.200579	4.985560e+5	10.180	9.570	11.300	9.160	9.570	10.130	9.570	10.180	0.170	0.000000	10.28	9.57	0.00	10
GIM	2011-11-16	0.202189	4.945880e+5	10.180	9.630	11.330	9.160	9.720	10.130	9.630	10.180	0.170	0.000000	10.28	9.63	0.00	11
GIM	2011-11-15	0.203883	4.904780e+5	10.180	9.630	11.330	9.160	9.770	10.130	9.630	10.180	0.110	0.000000	10.28	9.63	0.00	12
GIM	2011-11-14	0.208824	4.788720e+5	10.180	9.630	11.330	9.160	9.770	10.180	9.630	10.180	0.120	0.000000	10.28	9.63	0.00	13
GIM	2011-11-11	0.213499	4.683860e+5	10.180	9.630	11.330	9.160	9.800	10.180	9.630	10.180	0.150	0.000000	10.29	9.63	0.00	14
GIM	2011-11-10	0.216841	4.611670e+5	10.180	9.630	11.330	9.160	9.870	10.180	9.630	10.180	0.220	0.000000	10.29	9.63	0.00	15
GIM	2011-11-09	0.216675	4.615210e+5	10.180	9.630	11.330	9.160	9.880	10.180	9.630	10.180	0.290	0.000000	10.29	9.63	0.00	16
GIM	2011-11-08	0.212815	4.698910e+5	10.180	9.630	11.330	9.160	9.740	10.180	9.630	10.180	0.090	0.000000	10.29	9.63	0.00	17
GIM	2011-11-07	0.219279	4.560390e+5	10.180	9.630	11.330	9.160	9.740	10.180	9.630	10.180	0.210	0.000000	10.29	9.63	0.00	18
GIM	2011-11-04	0.219768	4.550260e+5	10.180	9.310	11.330	9.160	9.710	10.180	9.310	10.180	0.290	0.000000	10.29	9.31	0.00	19
GIM	2011-11-03	0.216071	4.628100e+5	10.180	9.310	11.330	9.160	9.630	10.180	9.310	10.180	0.190	0.000000	10.29	9.31	0.00	20
GIM	2011-11-02	0.217444	4.598890e+5	10.180	9.300	11.330	9.160	9.630	10.180	9.300	10.180	0.350	0.000000	10.29	9.30	0.00	21
GIM	2011-11-01	0.210467	4.751340e+5	10.180	9.160	11.330	9.160	9.630	10.180	9.160	10.180	0.270	0.000000	10.29	9.16	0.00	22
GIM	2011-10-31	0.207334	4.823140e+5	10.160	9.160	11.330	9.160	9.630	10.160	9.160	10.160	0.180	0.000000	10.26	9.16	0.00	23
GIM	2011-10-28	0.208772	4.789910e+5	10.040	9.160	11.330	9.160	9.630	10.040	9.160	10.040	0.150	0.000000	10.14	9.16	0.00	24
GIM	2011-10-27	0.211865	4.719980e+5	9.930	9.160	11.330	9.160	9.630	9.890	9.160	9.930	0.190	0.000000	10.04	9.16	0.00	25
GIM	2011-10-26	0.213016	4.694480e+5	9.930	9.160	11.330	9.160	9.630	9.820	9.160	9.930	0.250	0.000000	10.04	9.16	0.00	26
GIM	2011-10-25	0.211070	4.737770e+5	9.930	9.160	11.330	9.160	9.630	9.820	9.160	9.930	0.090	0.000000	10.04	9.16	0.00	27
GIM	2011-10-24	0.217442	4.598930e+5	9.930	9.160	11.330	9.160	9.630	9.770	9.160	9.930	0.150	0.000000	10.04	9.16	0.00	28
GIM	2011-10-21	0.220991	4.525060e+5	9.930	9.160	11.330	9.160	9.310	9.770	9.160	9.930	0.140	0.000000	10.04	9.16	0.00	29
GIM	2011-10-20	0.225254	4.439430e+5	9.930	9.160	11.330	9.160	9.310	9.770	9.160	9.930	0.140	0.000000	10.04	9.16	0.00	30
GIM	2011-10-19	0.229741	4.352720e+5	10.240	9.160	11.330	9.160	9.300	9.770	9.160	10.240	0.100	0.000000	10.35	9.16	0.00	31
GIM	2011-10-18	0.236570	4.227080e+5	10.280	9.160	11.330	9.160	9.160	9.770	9.160	10.280	0.190	0.000000	10.40	9.16	0.00	32
GIM	2011-10-17	0.239021	4.183740e+5	10.300	9.160	11.330	9.160	9.160	9.770	9.160	10.300	0.170	0.000000	10.42	9.16	0.00	33
GIM	2011-10-14	0.242653	4.121100e+5	10.380	9.160	11.330	9.160	9.160	9.770	9.160	10.380	0.140	0.000000	10.50	9.16	0.00	34
GIM	2011-10-13	0.248056	4.031340e+5	10.530	9.160	11.330	9.160	9.160	9.930	9.160	10.530	0.150	0.000000	10.65	9.16	0.00	35
GIM	2011-10-12	0.253217	3.949180e+5	10.530	9.160	11.330	9.160	9.160	9.930	9.160	10.530	0.180	0.000000	10.66	9.16	0.00	36
GIM	2011-10-11	0.257071	3.889980e+5	10.620	9.160	11.330	9.160	9.160	9.930	9.160	10.620	0.170	0.000000	10.75	9.16	0.00	37
GIM	2011-10-10	0.261653	3.821850e+5	10.620	9.160	11.330	9.160	9.160	9.930	9.160	10.620	0.420	0.000000	10.75	9.16	0.00	38
GIM	2011-10-07	0.253319	3.947590e+5	10.650	9.160	11.330	9.160	9.160	9.930	9.160	10.650	0.170	0.000000	10.78	9.16	0.00	39
GIM	2011-10-06	0.257704	3.880410e+5	10.760	9.160	11.330	9.160	9.160	9.930	9.160	10.760	0.250	0.000000	10.89	9.16	0.00	40
GIM	2011-10-05	0.258110	3.874320e+5	10.760	9.160	11.330	9.160	9.160	10.240	9.160	10.760	0.330	0.000000	10.89	9.16	0.00	41
GIM	2011-10-04	0.254326	3.931960e+5	10.760	9.190	11.330	9.190	9.190	10.280	9.190	10.760	0.370	0.000000	10.89	9.19	0.00	42
GIM	2011-10-03	0.248238	4.028390e+5	10.850	9.450	11.330	9.450	9.450	10.300	9.450	10.850	0.320	0.000000	10.97	9.45	0.00	43
GIM	2011-09-30	0.244461	4.090630e+5	11.170	9.550	11.330	9.550	9.550	10.380	9.550	11.170	0.480	0.000000	11.29	9.55	0.00	44
GIM	2011-09-29	0.232065	4.309150e+5	11.300	9.550	11.330	9.550	9.550	10.530	9.550	11.300	0.160	0.000000	11.42	9.55	0.00	45
GIM	2011-09-28	0.235857	4.239850e+5	11.330	9.550	11.330	9.550	9.550	10.530	9.550	11.330	0.220	0.000000	11.45	9.55	0.00	46
GIM	2011-09-27	0.236692	4.224900e+5	11.330	9.550	11.330	9.550	9.550	10.620	9.550	11.330	0.330	0.000000	11.45	9.55	0.00	47
GIM	2011-09-26	0.231781	4.314420e+5	11.330	9.560	11.330	9.560	9.560	10.620	9.560	11.330	0.200	0.000000	11.45	9.56	0.00	48
GIM	2011-09-23	0.233454	4.283500e+5	11.330	9.920	11.330	9.920	9.920	10.650	9.920	11.330	0.570	0.000000	11.45	9.92	0.00	49
GIM	2011-09-22	0.215741	4.635190e+5	11.330	10.240	11.330	10.160	10.240	10.760	10.240	11.330	0.360	0.000000	11.44	10.24	0.00	50
GIM	2011-09-21	0.208148	4.804270e+5	11.330	10.280	11.330	10.160	10.280	10.760	10.280	11.330	0.130	0.000000	11.43	10.28	0.00	51
GIM	2011-09-20	0.212261	4.711180e+5	11.330	10.300	11.330	10.160	10.300	10.760	10.300	11.330	0.120	0.000000	11.44	10.30	0.00	52
GIM	2011-09-19	0.217117	4.605810e+5	11.330	10.380	11.330	10.160	10.380	10.850	10.380	11.330	0.250	0.000000	11.44	10.38	0.00	53
