#Header line 	date 	volatility 	unit 		brkh20 	brkl20 	brkh55 	brkl55 	low10 	high10 	low20 	high20 	truerng	ignore20	add 	sellall	normalizedprice
XOM	2011-12-02	1.786900	5.596290e+4	80.440	73.900	81.880	69.240	73.900	80.440	73.900	80.440	1.090	0.000000	81.33	73.90	0.00	1
XOM	2011-12-01	1.823580	5.483730e+4	80.440	73.900	81.880	69.240	73.900	80.440	73.900	80.440	1.070	0.000000	81.35	73.90	0.00	2
XOM	2011-11-30	1.863240	5.367000e+4	79.760	73.900	81.880	69.240	73.900	79.090	73.900	79.760	3.600	0.000000	80.69	73.90	0.00	3
XOM	2011-11-29	1.771830	5.643890e+4	79.760	73.900	81.880	69.240	73.900	79.090	73.900	79.760	1.660	0.000000	80.65	73.90	0.00	4
XOM	2011-11-28	1.777710	5.625200e+4	81.480	73.900	81.880	69.240	73.900	79.720	73.900	81.480	2.610	0.000000	82.37	73.90	0.00	5
XOM	2011-11-25	1.733910	5.767310e+4	81.880	74.580	81.880	69.240	74.580	79.720	74.580	81.880	1.300	0.000000	82.75	74.58	0.00	6
XOM	2011-11-23	1.756750	5.692340e+4	81.880	75.940	81.880	69.240	76.030	79.720	75.940	81.880	1.500	0.000000	82.76	75.94	0.00	7
XOM	2011-11-22	1.770260	5.648890e+4	81.880	75.940	81.880	69.240	76.910	79.760	75.940	81.880	1.220	0.000000	82.77	75.94	0.00	8
XOM	2011-11-21	1.799220	5.557960e+4	81.880	75.940	81.880	69.240	77.390	79.760	75.940	81.880	1.840	0.000000	82.78	75.94	0.00	9
XOM	2011-11-18	1.797080	5.564600e+4	81.880	75.940	81.880	69.240	77.390	79.760	75.940	81.880	1.570	0.000000	82.78	75.94	0.00	10
XOM	2011-11-17	1.809030	5.527830e+4	81.880	75.940	81.880	69.240	77.390	79.760	75.940	81.880	2.330	0.000000	82.78	75.94	0.00	11
XOM	2011-11-16	1.781610	5.612910e+4	81.880	75.940	81.880	69.240	77.370	79.760	75.940	81.880	1.690	0.000000	82.77	75.94	0.00	12
XOM	2011-11-15	1.786430	5.597760e+4	81.880	75.940	81.880	69.240	75.940	79.760	75.940	81.880	1.350	0.000000	82.77	75.94	0.00	13
XOM	2011-11-14	1.809400	5.526700e+4	81.880	75.940	81.880	69.240	75.940	79.760	75.940	81.880	1.360	0.000000	82.78	75.94	0.00	14
XOM	2011-11-11	1.833050	5.455380e+4	81.880	75.940	81.880	69.240	75.940	81.480	75.940	81.880	1.250	0.000000	82.80	75.94	0.00	15
XOM	2011-11-10	1.863740	5.365560e+4	81.880	75.940	81.880	69.240	75.940	81.880	75.940	81.880	1.630	0.000000	82.81	75.94	0.00	16
XOM	2011-11-09	1.876040	5.330380e+4	81.880	75.940	81.880	69.240	75.940	81.880	75.940	81.880	2.730	0.000000	82.82	75.94	0.00	17
XOM	2011-11-08	1.831090	5.461210e+4	81.880	75.940	81.880	69.240	75.940	81.880	75.940	81.880	1.250	0.000000	82.80	75.94	0.00	18
XOM	2011-11-07	1.861680	5.371500e+4	81.880	75.940	81.880	69.240	75.940	81.880	75.940	81.880	1.370	0.000000	82.81	75.94	0.00	19
XOM	2011-11-04	1.887560	5.297850e+4	81.880	73.560	81.880	69.240	75.940	81.880	73.560	81.880	1.480	0.000000	82.82	73.56	0.00	20
XOM	2011-11-03	1.909010	5.238320e+4	81.880	73.560	81.880	69.240	75.940	81.880	73.560	81.880	1.630	0.000000	82.83	73.56	0.00	21
XOM	2011-11-02	1.923690	5.198340e+4	81.880	73.560	81.880	69.240	75.940	81.880	73.560	81.880	1.650	0.000000	82.84	73.56	0.00	22
XOM	2011-11-01	1.938100	5.159700e+4	81.880	72.830	81.880	69.240	78.090	81.880	72.830	81.880	2.640	0.000000	82.85	72.83	0.00	23
XOM	2011-10-31	1.901150	5.259960e+4	81.880	71.150	81.880	69.240	77.470	81.880	71.150	81.880	3.480	0.000000	82.83	71.15	0.00	24
XOM	2011-10-28	1.818060	5.500380e+4	81.880	71.150	81.880	69.240	77.470	81.880	71.150	81.880	1.550	0.000000	82.79	71.15	0.00	25
XOM	2011-10-27	1.832170	5.458020e+4	81.070	71.150	81.070	68.030	76.370	81.070	71.150	81.070	1.510	0.000000	81.99	71.15	0.00	26
XOM	2011-10-26	1.849120	5.407970e+4	80.170	71.150	80.170	68.030	76.370	80.170	71.150	80.170	1.990	0.000000	81.09	71.15	0.00	27
XOM	2011-10-25	1.841710	5.429750e+4	80.170	71.150	80.170	68.030	76.270	80.170	71.150	80.170	1.440	0.000000	81.09	71.15	0.00	28
XOM	2011-10-24	1.862850	5.368120e+4	80.130	71.150	80.130	68.030	76.270	80.130	71.150	80.130	0.950	0.000000	81.06	71.15	0.00	29
XOM	2011-10-21	1.910890	5.233150e+4	78.890	69.310	78.890	68.030	73.560	78.890	69.310	78.890	1.450	0.000000	79.85	69.31	0.00	30
XOM	2011-10-20	1.935150	5.167550e+4	78.890	69.240	78.890	68.030	73.560	78.890	69.240	78.890	1.280	0.000000	79.86	69.24	0.00	31
XOM	2011-10-19	1.969630	5.077090e+4	78.890	69.240	78.890	68.030	73.560	78.890	69.240	78.890	1.320	0.000000	79.87	69.24	0.00	32
XOM	2011-10-18	2.003820	4.990460e+4	78.110	69.240	79.600	68.030	72.830	78.110	69.240	78.110	2.490	0.000000	79.11	69.24	0.00	33
XOM	2011-10-17	1.978240	5.055010e+4	78.110	69.240	79.790	68.030	71.150	78.110	69.240	78.110	1.370	0.000000	79.10	69.24	0.00	34
XOM	2011-10-14	2.010250	4.974510e+4	77.160	69.240	81.460	68.030	71.150	77.160	69.240	77.160	1.860	0.000000	78.17	69.24	0.00	35
XOM	2011-10-13	2.018160	4.955020e+4	77.160	69.240	83.310	68.030	71.150	77.160	69.240	77.160	1.320	0.000000	78.17	69.24	0.00	36
XOM	2011-10-12	2.054900	4.866410e+4	76.280	69.240	84.370	68.030	71.150	76.280	69.240	76.280	1.390	0.000000	77.31	69.24	0.00	37
XOM	2011-10-11	2.089900	4.784930e+4	76.280	69.240	84.570	68.030	71.150	76.280	69.240	76.280	0.960	0.000000	77.33	69.24	0.00	38
XOM	2011-10-10	2.149360	4.652540e+4	74.550	69.240	85.220	68.030	71.150	73.950	69.240	74.550	2.730	0.000000	75.62	69.24	0.00	39
XOM	2011-10-07	2.118800	4.719640e+4	74.550	69.240	85.220	68.030	69.310	73.950	69.240	74.550	1.490	0.000000	75.61	69.24	0.00	40
XOM	2011-10-06	2.151900	4.647060e+4	74.550	69.240	85.220	68.030	69.240	73.950	69.240	74.550	1.370	0.000000	75.63	69.24	0.00	41
XOM	2011-10-05	2.193050	4.559850e+4	74.550	69.240	85.220	68.030	69.240	73.880	69.240	74.550	1.790	0.000000	75.65	69.24	0.00	42
XOM	2011-10-04	2.214270	4.516170e+4	74.550	69.240	85.220	68.030	69.240	74.010	69.240	74.550	3.940	0.000000	75.66	69.24	0.00	43
XOM	2011-10-03	2.123440	4.709340e+4	74.550	69.240	85.220	68.030	69.240	74.010	69.240	74.550	1.950	0.000000	75.61	69.24	0.00	44
XOM	2011-09-30	2.132570	4.689190e+4	74.550	69.240	85.220	68.030	69.240	74.550	69.240	74.550	1.960	0.000000	75.62	69.24	0.00	45
XOM	2011-09-29	2.141650	4.669300e+4	74.550	69.240	85.220	68.030	69.240	74.550	69.240	74.550	1.970	0.000000	75.62	69.24	0.00	46
XOM	2011-09-28	2.150680	4.649690e+4	74.550	69.240	85.220	68.030	69.240	74.550	69.240	74.550	2.430	0.000000	75.63	69.24	0.00	47
XOM	2011-09-27	2.135980	4.681690e+4	74.550	69.240	85.220	68.030	69.240	74.550	69.240	74.550	2.620	0.000000	75.62	69.24	0.00	48
XOM	2011-09-26	2.110510	4.738200e+4	74.550	69.240	85.220	68.030	69.240	74.550	69.240	74.550	2.580	0.000000	75.61	69.24	0.00	49
XOM	2011-09-23	2.085800	4.794330e+4	74.550	69.240	85.220	68.030	69.240	74.550	69.240	74.550	2.180	0.000000	75.59	69.24	0.00	50
XOM	2011-09-22	2.080840	4.805750e+4	74.550	71.010	85.220	68.030	71.010	74.550	71.010	74.550	3.800	0.000000	75.59	71.01	0.00	51
XOM	2011-09-21	1.990360	5.024220e+4	74.550	71.010	85.220	68.030	71.010	74.550	71.010	74.550	2.460	0.000000	75.55	71.01	0.00	52
XOM	2011-09-20	1.965640	5.087410e+4	74.550	70.180	85.220	68.030	71.010	74.550	70.180	74.550	1.540	0.000000	75.53	70.18	0.00	53
XOM	2011-09-19	1.988040	5.030080e+4	74.550	69.800	85.220	68.030	71.010	74.550	69.800	74.550	2.050	0.000000	75.54	69.80	0.00	54
