#Header line 	date 	volatility 	unit 		brkh20 	brkl20 	brkh55 	brkl55 	low10 	high10 	low20 	high20 	truerng	ignore20	add 	sellall	normalizedprice
TGT	2011-12-02	1.199420	8.337360e+4	53.180	51.210	55.560	47.800	51.210	53.000	51.210	53.180	1.200	0.000000	53.78	51.21	0.00	1
TGT	2011-12-01	1.199390	8.337570e+4	53.180	51.210	55.560	47.800	51.210	53.000	51.210	53.180	1.200	0.000000	53.78	51.21	0.00	2
TGT	2011-11-30	1.199360	8.337800e+4	53.180	51.210	55.560	47.800	51.210	53.180	51.210	53.180	1.360	0.000000	53.78	51.21	0.00	3
TGT	2011-11-29	1.190900	8.396990e+4	54.750	51.210	55.560	47.800	51.210	53.180	51.210	54.750	1.090	0.000000	55.35	51.21	0.00	4
TGT	2011-11-28	1.196210	8.359710e+4	55.240	51.210	55.560	47.800	51.210	53.180	51.210	55.240	1.350	0.000000	55.84	51.21	0.00	5
TGT	2011-11-25	1.188120	8.416660e+4	55.560	51.530	55.560	47.800	51.530	53.180	51.530	55.560	0.660	0.000000	56.15	51.53	0.00	6
TGT	2011-11-23	1.215910	8.224260e+4	55.560	51.690	55.560	47.800	51.690	53.180	51.690	55.560	1.160	0.000000	56.17	51.69	0.00	7
TGT	2011-11-22	1.218860	8.204400e+4	55.560	51.690	55.560	47.800	51.690	53.180	51.690	55.560	0.580	0.000000	56.17	51.69	0.00	8
TGT	2011-11-21	1.252480	7.984150e+4	55.560	51.690	55.560	47.800	51.690	53.180	51.690	55.560	1.380	0.000000	56.19	51.69	0.00	9
TGT	2011-11-18	1.245770	8.027160e+4	55.560	51.690	55.560	47.800	51.690	53.180	51.690	55.560	1.020	0.000000	56.18	51.69	0.00	10
TGT	2011-11-17	1.257650	7.951320e+4	55.560	51.690	55.560	47.800	51.690	53.180	51.690	55.560	1.590	0.000000	56.19	51.69	0.00	11
TGT	2011-11-16	1.240160	8.063470e+4	55.560	51.690	55.560	47.800	51.690	53.180	51.690	55.560	2.140	0.000000	56.18	51.69	0.00	12
TGT	2011-11-15	1.192800	8.383630e+4	55.560	51.690	55.560	47.800	51.690	53.070	51.690	55.560	1.130	0.000000	56.16	51.69	0.00	13
TGT	2011-11-14	1.196110	8.360460e+4	55.560	51.690	55.560	47.800	51.690	54.750	51.690	55.560	0.780	0.000000	56.16	51.69	0.00	14
TGT	2011-11-11	1.218010	8.210130e+4	55.560	51.690	55.560	47.800	51.690	55.240	51.690	55.560	1.360	0.000000	56.17	51.69	0.00	15
TGT	2011-11-10	1.210530	8.260820e+4	55.560	51.690	55.560	47.800	51.690	55.560	51.690	55.560	0.730	0.000000	56.17	51.69	0.00	16
TGT	2011-11-09	1.235820	8.091760e+4	55.560	52.170	55.560	47.800	52.170	55.560	52.170	55.560	1.520	0.000000	56.18	52.17	0.00	17
TGT	2011-11-08	1.220870	8.190890e+4	55.560	52.170	55.560	47.800	52.170	55.560	52.170	55.560	0.810	0.000000	56.17	52.17	0.00	18
TGT	2011-11-07	1.242490	8.048340e+4	55.560	52.170	55.560	47.800	52.170	55.560	52.170	55.560	0.800	0.000000	56.18	52.17	0.00	19
TGT	2011-11-04	1.265780	7.900250e+4	55.560	51.560	55.560	47.800	52.240	55.560	51.560	55.560	0.930	0.000000	56.19	51.56	0.00	20
TGT	2011-11-03	1.283450	7.791470e+4	55.560	51.560	55.560	47.800	52.610	55.560	51.560	55.560	1.800	0.000000	56.20	51.56	0.00	21
TGT	2011-11-02	1.256270	7.960080e+4	55.560	49.760	55.560	47.800	52.610	55.560	49.760	55.560	1.540	0.000000	56.19	49.76	0.00	22
TGT	2011-11-01	1.241340	8.055840e+4	55.560	49.470	55.560	47.800	53.270	55.560	49.470	55.560	3.110	0.000000	56.18	49.47	0.00	23
TGT	2011-10-31	1.142980	8.749030e+4	55.560	47.800	55.560	47.800	52.900	55.560	47.800	55.560	0.900	0.000000	56.13	47.80	0.00	24
TGT	2011-10-28	1.155770	8.652220e+4	55.560	47.800	55.560	47.270	52.900	55.560	47.800	55.560	0.760	0.000000	56.14	47.80	0.00	25
TGT	2011-10-27	1.176600	8.499040e+4	55.150	47.800	55.150	46.700	52.730	55.150	47.800	55.150	1.140	0.000000	55.74	47.80	0.00	26
TGT	2011-10-26	1.178530	8.485150e+4	54.720	47.800	54.720	46.700	52.730	54.720	47.800	54.720	1.360	0.000000	55.31	47.80	0.00	27
TGT	2011-10-25	1.168980	8.554480e+4	54.720	47.800	54.720	46.440	52.730	54.720	47.800	54.720	0.760	0.000000	55.30	47.80	0.00	28
TGT	2011-10-24	1.190500	8.399810e+4	54.640	47.800	54.640	46.440	52.630	54.640	47.800	54.640	0.770	0.000000	55.24	47.80	0.00	29
TGT	2011-10-21	1.212640	8.246500e+4	53.710	47.800	53.710	46.440	51.560	53.710	47.800	53.710	0.940	0.000000	54.32	47.80	0.00	30
TGT	2011-10-20	1.226980	8.150060e+4	53.640	47.800	53.640	46.440	51.560	53.640	47.800	53.640	0.880	0.000000	54.25	47.80	0.00	31
TGT	2011-10-19	1.245250	8.030540e+4	53.640	47.800	53.640	46.440	49.760	53.640	47.800	53.640	0.800	0.000000	54.26	47.80	0.00	32
TGT	2011-10-18	1.268680	7.882200e+4	53.070	47.800	53.070	46.440	49.470	53.070	47.800	53.070	1.370	0.000000	53.70	47.80	0.00	33
TGT	2011-10-17	1.263350	7.915470e+4	53.070	47.800	53.070	46.440	47.800	53.070	47.800	53.070	0.580	0.000000	53.70	47.80	0.00	34
TGT	2011-10-14	1.299310	7.696370e+4	53.070	47.800	53.070	46.440	47.800	53.070	47.800	53.070	0.750	0.000000	53.72	47.80	0.00	35
TGT	2011-10-13	1.328230	7.528840e+4	53.070	47.800	53.070	46.440	47.800	53.070	47.800	53.070	0.770	0.000000	53.73	47.80	0.00	36
TGT	2011-10-12	1.357610	7.365910e+4	53.070	47.800	53.070	46.440	47.800	53.070	47.800	53.070	0.850	0.000000	53.75	47.80	0.00	37
TGT	2011-10-11	1.384320	7.223750e+4	52.760	47.800	52.760	46.440	47.800	52.630	47.800	52.760	1.350	0.000000	53.45	47.80	0.00	38
TGT	2011-10-10	1.386130	7.214340e+4	52.760	47.800	52.760	46.440	47.800	51.910	47.800	52.760	1.150	0.000000	53.45	47.80	0.00	39
TGT	2011-10-07	1.398560	7.150230e+4	52.760	47.800	52.760	46.440	47.800	51.910	47.800	52.760	1.350	0.000000	53.46	47.80	0.00	40
TGT	2011-10-06	1.401110	7.137190e+4	52.760	47.800	52.760	46.440	47.800	50.620	47.800	52.760	2.660	0.000000	53.46	47.80	0.00	41
TGT	2011-10-05	1.334850	7.491450e+4	52.760	47.800	52.760	46.440	47.800	51.430	47.800	52.760	0.780	0.000000	53.43	47.80	0.00	42
TGT	2011-10-04	1.364060	7.331070e+4	52.760	47.800	52.760	46.440	47.800	52.280	47.800	52.760	1.920	0.000000	53.44	47.80	0.00	43
TGT	2011-10-03	1.334800	7.491780e+4	52.760	49.040	52.760	46.440	49.040	52.760	49.040	52.760	1.410	0.000000	53.43	49.04	0.00	44
TGT	2011-09-30	1.330840	7.514060e+4	52.760	49.130	52.760	46.440	49.130	52.760	49.130	52.760	1.220	0.000000	53.43	49.13	0.00	45
TGT	2011-09-29	1.336670	7.481260e+4	52.760	49.130	52.760	46.440	49.130	52.760	49.130	52.760	1.650	0.000000	53.43	49.13	0.00	46
TGT	2011-09-28	1.320180	7.574720e+4	52.760	49.130	52.760	46.440	49.130	52.760	49.130	52.760	1.460	0.000000	53.42	49.13	0.00	47
TGT	2011-09-27	1.312820	7.617180e+4	52.760	49.130	52.760	46.440	49.130	52.760	49.130	52.760	1.450	0.000000	53.42	49.13	0.00	48
TGT	2011-09-26	1.305600	7.659300e+4	52.760	49.130	52.760	46.440	49.130	52.760	49.130	52.760	1.630	0.000000	53.41	49.13	0.00	49
TGT	2011-09-23	1.288530	7.760790e+4	52.760	49.130	52.760	46.440	49.130	52.760	49.130	52.760	0.870	0.000000	53.40	49.13	0.00	50
TGT	2011-09-22	1.310560	7.630340e+4	52.760	49.340	52.760	46.440	50.020	52.760	49.340	52.760	2.810	0.000000	53.42	49.34	0.00	51
TGT	2011-09-21	1.231640	8.119260e+4	52.760	49.340	52.760	46.440	50.020	52.760	49.340	52.760	1.520	0.000000	53.38	49.34	0.00	52
TGT	2011-09-20	1.216460	8.220560e+4	52.760	49.340	52.760	46.440	49.340	52.760	49.340	52.760	0.870	0.000000	53.37	49.34	0.00	53
TGT	2011-09-19	1.234700	8.099150e+4	52.660	49.340	52.660	46.440	49.340	52.660	49.340	52.660	1.150	0.000000	53.28	49.34	0.00	54
