#Header line 	date 	volatility 	unit 		brkh20 	brkl20 	brkh55 	brkl55 	low10 	high10 	low20 	high20 	truerng	ignore20	add 	sellall	normalizedprice
CLS	2011-12-01	0.304046	3.288980e+5	8.820	7.930	8.820	7.310	7.930	8.560	7.930	8.820	0.300	0.000000	8.97	7.93	0.00	1
CLS	2011-11-30	0.304259	3.286680e+5	8.820	7.930	8.820	7.310	7.930	8.750	7.930	8.820	0.240	0.000000	8.97	7.93	0.00	2
CLS	2011-11-29	0.307641	3.250550e+5	8.820	7.930	8.820	7.310	7.930	8.750	7.930	8.820	0.360	0.000000	8.97	7.93	0.00	3
CLS	2011-11-28	0.304885	3.279930e+5	8.820	7.930	8.820	7.310	7.930	8.750	7.930	8.820	0.320	0.000000	8.97	7.93	0.00	4
CLS	2011-11-25	0.304089	3.288510e+5	8.820	7.930	8.820	7.310	7.930	8.750	7.930	8.820	0.170	0.000000	8.97	7.93	0.00	5
CLS	2011-11-24	0.311147	3.213920e+5	8.820	7.930	8.820	7.310	7.930	8.750	7.930	8.820	0.370	0.000000	8.98	7.93	0.00	6
CLS	2011-11-23	0.308049	3.246240e+5	8.820	8.250	8.820	7.310	8.250	8.750	8.250	8.820	0.330	0.000000	8.97	8.25	0.00	7
CLS	2011-11-22	0.306894	3.258460e+5	8.820	8.250	8.820	7.310	8.250	8.820	8.250	8.820	0.230	0.000000	8.97	8.25	0.00	8
CLS	2011-11-21	0.310941	3.216050e+5	8.820	8.070	8.820	7.310	8.490	8.820	8.070	8.820	0.420	0.000000	8.98	8.07	0.00	9
CLS	2011-11-18	0.305201	3.276530e+5	8.820	8.000	8.820	7.310	8.510	8.820	8.000	8.820	0.190	0.000000	8.97	8.00	0.00	10
CLS	2011-11-17	0.311264	3.212710e+5	8.820	7.900	8.820	7.310	8.510	8.820	7.900	8.820	0.330	0.000000	8.98	7.90	0.00	11
CLS	2011-11-16	0.310278	3.222920e+5	8.820	7.900	8.820	7.310	8.510	8.820	7.900	8.820	0.200	0.000000	8.98	7.90	0.00	12
CLS	2011-11-15	0.316082	3.163740e+5	8.820	7.900	8.820	7.310	8.310	8.820	7.900	8.820	0.250	0.000000	8.98	7.90	0.00	13
CLS	2011-11-14	0.319560	3.129300e+5	8.820	7.900	8.820	7.310	8.270	8.820	7.900	8.820	0.210	0.000000	8.98	7.90	0.00	14
CLS	2011-11-11	0.325326	3.073840e+5	8.820	7.900	8.820	7.310	8.270	8.820	7.900	8.820	0.320	0.000000	8.98	7.90	0.00	15
CLS	2011-11-10	0.325607	3.071190e+5	8.820	7.900	8.820	7.310	8.270	8.820	7.900	8.820	0.210	0.000000	8.98	7.90	0.00	16
CLS	2011-11-09	0.331691	3.014850e+5	8.820	7.900	8.820	7.190	8.270	8.820	7.900	8.820	0.390	0.000000	8.99	7.90	0.00	17
CLS	2011-11-08	0.328622	3.043010e+5	8.820	7.900	8.820	7.150	8.270	8.820	7.900	8.820	0.260	0.000000	8.98	7.90	0.00	18
CLS	2011-11-07	0.332234	3.009930e+5	8.780	7.900	8.780	7.150	8.070	8.780	7.900	8.780	0.180	0.000000	8.95	7.90	0.00	19
CLS	2011-11-04	0.340246	2.939050e+5	8.780	7.900	8.780	7.150	8.000	8.780	7.900	8.780	0.160	0.000000	8.95	7.90	0.00	20
CLS	2011-11-03	0.349733	2.859320e+5	8.740	7.900	8.740	7.150	7.900	8.740	7.900	8.740	0.340	0.000000	8.91	7.90	0.00	21
CLS	2011-11-02	0.350245	2.855140e+5	8.740	7.670	8.740	7.150	7.900	8.740	7.670	8.740	0.410	0.000000	8.92	7.67	0.00	22
CLS	2011-11-01	0.347100	2.881010e+5	8.740	7.310	8.740	7.150	7.900	8.740	7.310	8.740	0.340	0.000000	8.91	7.31	0.00	23
CLS	2011-10-31	0.347474	2.877910e+5	8.740	7.310	8.740	7.150	7.900	8.740	7.310	8.740	0.480	0.000000	8.91	7.31	0.00	24
CLS	2011-10-28	0.340499	2.936870e+5	8.600	7.310	8.600	7.150	7.900	8.600	7.310	8.600	0.350	0.000000	8.77	7.31	0.00	25
CLS	2011-10-27	0.339999	2.941190e+5	8.600	7.310	8.600	7.150	7.900	8.600	7.310	8.600	0.320	0.000000	8.77	7.31	0.00	26
CLS	2011-10-26	0.341051	2.932110e+5	8.600	7.310	8.600	7.150	7.900	8.600	7.310	8.600	0.260	0.000000	8.77	7.31	0.00	27
CLS	2011-10-25	0.345317	2.895890e+5	8.600	7.310	8.600	7.150	7.900	8.600	7.310	8.600	0.440	0.000000	8.77	7.31	0.00	28
CLS	2011-10-24	0.340334	2.938290e+5	8.600	7.310	8.600	7.150	7.900	8.600	7.310	8.600	0.260	0.000000	8.77	7.31	0.00	29
CLS	2011-10-21	0.344562	2.902230e+5	8.600	7.310	8.600	7.150	7.900	8.600	7.310	8.600	0.230	0.000000	8.77	7.31	0.00	30
CLS	2011-10-20	0.350592	2.852320e+5	8.600	7.310	8.600	7.150	8.050	8.600	7.310	8.600	0.470	0.000000	8.78	7.31	0.00	31
CLS	2011-10-19	0.344307	2.904380e+5	8.600	7.310	8.600	7.150	7.670	8.600	7.310	8.600	0.290	0.000000	8.77	7.31	0.00	32
CLS	2011-10-18	0.347165	2.880470e+5	8.600	7.310	8.600	7.150	7.310	8.600	7.310	8.600	0.410	0.000000	8.77	7.31	0.00	33
CLS	2011-10-17	0.343858	2.908180e+5	8.600	7.310	8.600	7.150	7.310	8.600	7.310	8.600	0.400	0.000000	8.77	7.31	0.00	34
CLS	2011-10-14	0.340903	2.933380e+5	8.540	7.310	8.540	7.150	7.310	8.540	7.310	8.540	0.240	0.000000	8.71	7.31	0.00	35
CLS	2011-10-13	0.346214	2.888390e+5	8.540	7.310	8.560	7.150	7.310	8.540	7.310	8.540	0.250	0.000000	8.71	7.31	0.00	36
CLS	2011-10-12	0.351278	2.846750e+5	8.500	7.310	8.890	7.150	7.310	8.500	7.310	8.500	0.290	0.000000	8.68	7.31	0.00	37
CLS	2011-10-11	0.354503	2.820850e+5	8.500	7.310	8.890	7.150	7.310	8.500	7.310	8.500	0.330	0.000000	8.68	7.31	0.00	38
CLS	2011-10-07	0.355793	2.810620e+5	8.500	7.310	8.890	7.150	7.310	8.500	7.310	8.500	0.270	0.000000	8.68	7.31	0.00	39
CLS	2011-10-06	0.360308	2.775400e+5	8.270	7.310	8.890	7.150	7.310	8.050	7.310	8.270	0.590	0.000000	8.45	7.31	0.00	40
CLS	2011-10-05	0.348219	2.871750e+5	8.270	7.310	8.890	7.150	7.310	7.940	7.310	8.270	0.590	0.000000	8.44	7.31	0.00	41
CLS	2011-10-04	0.335494	2.980680e+5	8.270	7.310	8.890	7.150	7.310	8.010	7.310	8.270	0.470	0.000000	8.44	7.31	0.00	42
CLS	2011-10-03	0.328415	3.044930e+5	8.270	7.360	8.890	7.150	7.360	8.170	7.360	8.270	0.340	0.000000	8.43	7.36	0.00	43
CLS	2011-09-30	0.327805	3.050600e+5	8.270	7.360	8.890	7.150	7.360	8.270	7.360	8.270	0.320	0.000000	8.43	7.36	0.00	44
CLS	2011-09-29	0.328216	3.046780e+5	8.270	7.360	8.890	7.150	7.360	8.270	7.360	8.270	0.500	0.000000	8.43	7.36	0.00	45
CLS	2011-09-28	0.319174	3.133080e+5	8.270	7.360	8.890	7.150	7.360	8.270	7.360	8.270	0.350	0.000000	8.43	7.36	0.00	46
CLS	2011-09-27	0.317552	3.149090e+5	8.270	7.360	8.890	7.150	7.360	8.270	7.360	8.270	0.330	0.000000	8.43	7.36	0.00	47
CLS	2011-09-26	0.316897	3.155600e+5	8.270	7.360	8.890	7.150	7.360	8.270	7.360	8.270	0.400	0.000000	8.43	7.36	0.00	48
CLS	2011-09-23	0.312523	3.199760e+5	8.270	7.360	8.890	7.150	7.360	8.270	7.360	8.270	0.210	0.000000	8.43	7.36	0.00	49
CLS	2011-09-22	0.317919	3.145460e+5	8.270	7.440	8.890	7.150	7.750	8.270	7.440	8.270	0.610	0.000000	8.43	7.44	0.00	50
CLS	2011-09-21	0.302546	3.305280e+5	8.270	7.440	8.890	7.150	7.750	8.270	7.440	8.270	0.340	0.000000	8.42	7.44	0.00	51
CLS	2011-09-20	0.300575	3.326960e+5	8.270	7.190	8.890	7.150	7.750	8.270	7.190	8.270	0.330	0.000000	8.42	7.19	0.00	52
CLS	2011-09-19	0.299026	3.344190e+5	8.270	7.150	8.890	7.150	7.750	8.270	7.150	8.270	0.210	0.000000	8.42	7.15	0.00	53
