#Header line 	date 	volatility 	unit 		brkh20 	brkl20 	brkh55 	brkl55 	low10 	high10 	low20 	high20 	truerng	ignore20	add 	sellall	normalizedprice
NLY	2011-12-02	0.291358	3.432210e+5	16.540	15.680	18.160	15.480	15.680	16.310	15.680	16.540	0.220	0.000000	16.69	15.68	0.00	1
NLY	2011-12-01	0.295113	3.388530e+5	16.540	15.680	18.160	15.480	15.680	16.380	15.680	16.540	0.240	0.000000	16.69	15.68	0.00	2
NLY	2011-11-30	0.298014	3.355550e+5	16.660	15.680	18.160	15.480	15.680	16.380	15.680	16.660	0.300	0.000000	16.81	15.68	0.00	3
NLY	2011-11-29	0.297909	3.356730e+5	16.850	15.680	18.160	15.480	15.680	16.380	15.680	16.850	0.130	0.000000	17.00	15.68	0.00	4
NLY	2011-11-28	0.306747	3.260020e+5	16.980	15.680	18.160	15.480	15.680	16.380	15.680	16.980	0.300	0.000000	17.13	15.68	0.00	5
NLY	2011-11-25	0.307102	3.256250e+5	16.980	15.680	18.160	15.480	15.680	16.380	15.680	16.980	0.330	0.000000	17.13	15.68	0.00	6
NLY	2011-11-23	0.305897	3.269080e+5	16.980	15.960	18.160	15.480	15.960	16.380	15.960	16.980	0.330	0.000000	17.13	15.96	0.00	7
NLY	2011-11-22	0.304628	3.282690e+5	16.980	15.970	18.160	15.480	15.970	16.540	15.970	16.980	0.160	0.000000	17.13	15.97	0.00	8
NLY	2011-11-21	0.312240	3.202660e+5	16.980	16.150	18.160	15.480	16.150	16.540	16.150	16.980	0.250	0.000000	17.14	16.15	0.00	9
NLY	2011-11-18	0.315516	3.169410e+5	16.980	16.010	18.160	15.480	16.200	16.540	16.010	16.980	0.190	0.000000	17.14	16.01	0.00	10
NLY	2011-11-17	0.322122	3.104410e+5	16.980	16.010	18.160	15.480	16.200	16.540	16.010	16.980	0.230	0.000000	17.14	16.01	0.00	11
NLY	2011-11-16	0.326970	3.058380e+5	16.980	15.970	18.160	15.480	16.200	16.540	15.970	16.980	0.460	0.000000	17.14	15.97	0.00	12
NLY	2011-11-15	0.319969	3.125300e+5	16.980	15.970	18.160	15.480	16.200	16.660	15.970	16.980	0.130	0.000000	17.14	15.97	0.00	13
NLY	2011-11-14	0.329967	3.030600e+5	16.980	15.940	18.160	15.480	16.200	16.850	15.940	16.980	0.220	0.000000	17.14	15.94	0.00	14
NLY	2011-11-11	0.335755	2.978360e+5	16.980	15.940	18.160	15.480	16.200	16.980	15.940	16.980	0.240	0.000000	17.15	15.94	0.00	15
NLY	2011-11-10	0.340795	2.934320e+5	16.980	15.790	18.160	15.480	16.280	16.980	15.790	16.980	0.320	0.000000	17.15	15.79	0.00	16
NLY	2011-11-09	0.341889	2.924920e+5	16.980	15.790	18.270	15.480	16.320	16.980	15.790	16.980	0.300	0.000000	17.15	15.79	0.00	17
NLY	2011-11-08	0.344094	2.906180e+5	16.980	15.790	18.270	15.480	16.320	16.980	15.790	16.980	0.200	0.000000	17.15	15.79	0.00	18
NLY	2011-11-07	0.351678	2.843510e+5	16.980	15.790	18.270	15.480	16.320	16.980	15.790	16.980	0.280	0.000000	17.16	15.79	0.00	19
NLY	2011-11-04	0.355450	2.813330e+5	16.980	15.480	18.270	15.480	16.010	16.980	15.480	16.980	0.140	0.000000	17.16	15.48	0.00	20
NLY	2011-11-03	0.366790	2.726360e+5	16.980	15.480	18.310	15.480	16.010	16.980	15.480	16.980	0.200	0.000000	17.16	15.48	0.00	21
NLY	2011-11-02	0.375568	2.662630e+5	16.980	15.480	18.310	15.480	15.970	16.980	15.480	16.980	0.450	0.000000	17.17	15.48	0.00	22
NLY	2011-11-01	0.371651	2.690700e+5	16.980	15.480	18.350	15.480	15.970	16.980	15.480	16.980	0.360	0.000000	17.17	15.48	0.00	23
NLY	2011-10-31	0.372264	2.686270e+5	16.980	15.480	18.350	15.480	15.940	16.980	15.480	16.980	0.270	0.000000	17.17	15.48	0.00	24
NLY	2011-10-28	0.377646	2.647980e+5	16.910	15.480	18.350	15.480	15.940	16.910	15.480	16.910	0.320	0.000000	17.10	15.48	0.00	25
NLY	2011-10-27	0.380680	2.626880e+5	16.700	15.480	18.350	15.480	15.790	16.670	15.480	16.700	0.450	0.000000	16.89	15.48	0.00	26
NLY	2011-10-26	0.377032	2.652300e+5	16.700	15.480	18.350	15.480	15.790	16.580	15.480	16.700	0.180	0.000000	16.89	15.48	0.00	27
NLY	2011-10-25	0.387402	2.581300e+5	17.300	15.480	18.350	15.480	15.790	16.410	15.480	17.300	0.390	0.000000	17.49	15.48	0.00	28
NLY	2011-10-24	0.387265	2.582210e+5	17.430	15.480	18.350	15.480	15.790	16.120	15.480	17.430	0.530	0.000000	17.62	15.48	0.00	29
NLY	2011-10-21	0.379753	2.633290e+5	17.480	15.480	18.350	15.480	15.480	16.120	15.480	17.480	0.210	0.000000	17.67	15.48	0.00	30
NLY	2011-10-20	0.388687	2.572760e+5	17.560	15.480	18.350	15.480	15.480	16.120	15.480	17.560	0.190	0.000000	17.75	15.48	0.00	31
NLY	2011-10-19	0.399144	2.505360e+5	17.610	15.480	18.350	15.480	15.480	16.120	15.480	17.610	0.160	0.000000	17.81	15.48	0.00	32
NLY	2011-10-18	0.411731	2.428770e+5	18.120	15.480	18.350	15.480	15.480	16.120	15.480	18.120	0.140	0.000000	18.33	15.48	0.00	33
NLY	2011-10-17	0.426033	2.347240e+5	18.160	15.480	18.350	15.480	15.480	16.120	15.480	18.160	0.220	0.000000	18.37	15.48	0.00	34
NLY	2011-10-14	0.436876	2.288980e+5	18.160	15.480	18.350	15.480	15.480	16.630	15.480	18.160	0.330	0.000000	18.38	15.48	0.00	35
NLY	2011-10-13	0.442502	2.259880e+5	18.160	15.480	18.350	15.480	15.480	16.700	15.480	18.160	0.160	0.000000	18.38	15.48	0.00	36
NLY	2011-10-12	0.457370	2.186410e+5	18.160	15.480	18.350	15.480	15.480	16.700	15.480	18.160	0.310	0.000000	18.39	15.48	0.00	37
NLY	2011-10-11	0.465126	2.149950e+5	18.160	15.480	18.350	15.480	15.480	17.300	15.480	18.160	0.240	0.000000	18.39	15.48	0.00	38
NLY	2011-10-10	0.476975	2.096550e+5	18.160	15.480	18.350	15.480	15.480	17.430	15.480	18.160	0.510	0.000000	18.40	15.48	0.00	39
NLY	2011-10-07	0.475237	2.104210e+5	18.160	15.680	18.350	15.680	15.680	17.480	15.680	18.160	0.670	0.000000	18.40	15.68	0.00	40
NLY	2011-10-06	0.464986	2.150600e+5	18.160	15.680	18.350	15.680	15.680	17.560	15.680	18.160	0.390	0.000000	18.39	15.68	0.00	41
NLY	2011-10-05	0.468933	2.132500e+5	18.160	15.790	18.350	15.790	15.790	17.610	15.790	18.160	0.710	0.000000	18.39	15.79	0.00	42
NLY	2011-10-04	0.456245	2.191800e+5	18.160	15.840	18.350	15.840	15.840	18.120	15.840	18.160	1.190	0.000000	18.39	15.84	0.00	43
NLY	2011-10-03	0.417627	2.394480e+5	18.160	16.630	18.350	16.340	16.630	18.160	16.630	18.160	0.950	0.000000	18.37	16.63	0.00	44
NLY	2011-09-30	0.389607	2.566690e+5	18.160	16.690	18.350	16.340	16.690	18.160	16.690	18.160	0.290	0.000000	18.35	16.69	0.00	45
NLY	2011-09-29	0.394849	2.532610e+5	18.160	16.690	18.350	16.340	16.690	18.160	16.690	18.160	0.300	0.000000	18.36	16.69	0.00	46
NLY	2011-09-28	0.399841	2.500990e+5	18.160	17.300	18.350	16.340	17.300	18.160	17.300	18.160	0.630	0.000000	18.36	17.30	0.00	47
NLY	2011-09-27	0.387728	2.579130e+5	18.160	17.370	18.350	16.340	17.430	18.160	17.370	18.160	0.330	0.000000	18.35	17.37	0.00	48
NLY	2011-09-26	0.390766	2.559080e+5	18.160	17.370	18.520	16.340	17.480	18.160	17.370	18.160	0.270	0.000000	18.36	17.37	0.00	49
NLY	2011-09-23	0.397122	2.518120e+5	18.160	17.290	18.530	16.340	17.560	18.160	17.290	18.160	0.290	0.000000	18.36	17.29	0.00	50
NLY	2011-09-22	0.402760	2.482870e+5	18.160	17.290	18.530	16.340	17.510	18.160	17.290	18.160	0.460	0.000000	18.36	17.29	0.00	51
NLY	2011-09-21	0.399748	2.501580e+5	18.270	17.290	18.530	16.340	17.500	18.160	17.290	18.270	0.550	0.000000	18.47	17.29	0.00	52
NLY	2011-09-20	0.391840	2.552060e+5	18.270	17.290	18.530	16.340	17.500	18.160	17.290	18.270	0.210	0.000000	18.47	17.29	0.00	53
NLY	2011-09-19	0.401410	2.491220e+5	18.270	17.290	18.530	16.340	17.370	17.980	17.290	18.270	0.380	0.000000	18.47	17.29	0.00	54
