#Header line 	date 	volatility 	unit 		brkh20 	brkl20 	brkh55 	brkl55 	low10 	high10 	low20 	high20 	truerng	ignore20	add 	sellall	normalizedprice
ED	2011-12-01	0.992954	1.007100e+5	59.640	56.450	59.760	55.150	56.450	59.420	56.450	59.640	0.670	0.000000	60.14	56.45	0.00	1
ED	2011-11-30	1.009950	9.901470e+4	59.640	56.450	59.760	55.150	56.450	58.750	56.450	59.640	1.500	0.000000	60.15	56.45	0.00	2
ED	2011-11-29	0.984159	1.016100e+5	59.640	56.450	59.760	55.150	56.450	58.750	56.450	59.640	0.880	0.000000	60.13	56.45	0.00	3
ED	2011-11-28	0.989641	1.010470e+5	59.640	56.450	59.760	55.120	56.450	59.640	56.450	59.640	1.180	0.000000	60.13	56.45	0.00	4
ED	2011-11-25	0.979622	1.020800e+5	59.640	56.450	59.760	55.120	56.450	59.640	56.450	59.640	0.930	0.000000	60.13	56.45	0.00	5
ED	2011-11-23	0.982234	1.018090e+5	59.640	56.900	59.760	55.120	56.900	59.640	56.900	59.640	0.830	0.000000	60.13	56.90	0.00	6
ED	2011-11-22	0.990246	1.009850e+5	59.640	57.050	59.760	55.120	57.490	59.640	57.050	59.640	1.060	0.000000	60.14	57.05	0.00	7
ED	2011-11-21	0.986575	1.013610e+5	59.640	57.050	59.760	55.120	57.800	59.640	57.050	59.640	1.140	0.000000	60.13	57.05	0.00	8
ED	2011-11-18	0.978500	1.021970e+5	59.760	57.050	59.760	55.120	57.800	59.640	57.050	59.760	0.540	0.000000	60.25	57.05	0.00	9
ED	2011-11-17	1.001580	9.984230e+4	59.760	57.050	59.760	55.120	57.970	59.640	57.050	59.760	0.990	0.000000	60.26	57.05	0.00	10
ED	2011-11-16	1.002190	9.978160e+4	59.760	57.050	59.760	55.120	58.020	59.640	57.050	59.760	0.880	0.000000	60.26	57.05	0.00	11
ED	2011-11-15	1.008620	9.914540e+4	59.760	57.050	59.760	55.120	57.050	59.640	57.050	59.760	0.740	0.000000	60.26	57.05	0.00	12
ED	2011-11-14	1.022760	9.777490e+4	59.760	57.050	59.760	55.120	57.050	59.640	57.050	59.760	1.460	0.000000	60.27	57.05	0.00	13
ED	2011-11-11	0.999745	1.000260e+5	59.760	57.050	59.760	55.120	57.050	59.350	57.050	59.760	0.850	0.000000	60.26	57.05	0.00	14
ED	2011-11-10	1.007630	9.924320e+4	59.760	56.660	59.760	55.120	57.050	59.530	56.660	59.760	0.770	0.000000	60.26	56.66	0.00	15
ED	2011-11-09	1.020130	9.802650e+4	59.760	56.600	59.760	55.120	57.050	59.530	56.600	59.760	1.260	0.000000	60.27	56.60	0.00	16
ED	2011-11-08	1.007510	9.925480e+4	59.760	56.600	59.760	54.560	57.050	59.530	56.600	59.760	0.670	0.000000	60.26	56.60	0.00	17
ED	2011-11-07	1.025270	9.753510e+4	59.760	56.600	59.760	54.360	57.050	59.530	56.600	59.760	0.720	0.000000	60.27	56.60	0.00	18
ED	2011-11-04	1.041340	9.603020e+4	59.760	56.110	59.760	54.360	57.050	59.760	56.110	59.760	1.440	0.000000	60.28	56.11	0.00	19
ED	2011-11-03	1.020360	9.800500e+4	59.760	56.110	59.760	54.360	57.050	59.760	56.110	59.760	0.880	0.000000	60.27	56.11	0.00	20
ED	2011-11-02	1.027740	9.730050e+4	59.760	55.150	59.760	54.360	57.050	59.760	55.150	59.760	1.470	0.000000	60.27	55.15	0.00	21
ED	2011-11-01	1.004470	9.955530e+4	59.760	55.150	59.760	54.360	57.870	59.760	55.150	59.760	1.170	0.000000	60.26	55.15	0.00	22
ED	2011-10-31	0.995755	1.004260e+5	59.760	55.150	59.760	53.730	57.920	59.760	55.150	59.760	0.650	0.000000	60.26	55.15	0.00	23
ED	2011-10-28	1.013950	9.862400e+4	59.760	55.150	59.760	53.730	57.550	59.760	55.150	59.760	1.820	0.000000	60.27	55.15	0.00	24
ED	2011-10-27	0.971529	1.029310e+5	59.760	55.150	59.760	52.070	56.660	59.760	55.150	59.760	1.070	0.000000	60.25	55.15	0.00	25
ED	2011-10-26	0.966346	1.034830e+5	59.760	55.150	59.760	51.900	56.600	59.760	55.150	59.760	0.840	0.000000	60.24	55.15	0.00	26
ED	2011-10-25	0.972996	1.027750e+5	59.760	55.150	59.760	50.410	56.600	59.760	55.150	59.760	1.280	0.000000	60.25	55.15	0.00	27
ED	2011-10-24	0.956838	1.045110e+5	59.760	55.150	59.760	50.410	56.600	59.760	55.150	59.760	0.740	0.000000	60.24	55.15	0.00	28
ED	2011-10-21	0.968250	1.032790e+5	58.490	55.150	58.490	50.410	56.110	58.490	55.150	58.490	1.280	0.000000	58.97	55.15	0.00	29
ED	2011-10-20	0.951842	1.050590e+5	58.020	55.150	58.100	50.410	56.110	58.020	55.150	58.020	0.680	0.000000	58.50	55.15	0.00	30
ED	2011-10-19	0.966150	1.035040e+5	58.020	55.150	58.100	50.410	55.150	58.020	55.150	58.020	1.080	0.000000	58.50	55.15	0.00	31
ED	2011-10-18	0.960158	1.041500e+5	58.100	55.150	58.100	50.410	55.150	57.970	55.150	58.100	0.930	0.000000	58.58	55.15	0.00	32
ED	2011-10-17	0.961745	1.039780e+5	58.100	55.150	58.100	50.410	55.150	57.550	55.150	58.100	0.660	0.000000	58.58	55.15	0.00	33
ED	2011-10-14	0.977626	1.022890e+5	58.100	55.150	58.100	50.410	55.150	57.220	55.150	58.100	0.940	0.000000	58.59	55.15	0.00	34
ED	2011-10-13	0.979607	1.020820e+5	58.100	55.150	58.100	50.410	55.150	57.310	55.150	58.100	0.720	0.000000	58.59	55.15	0.00	35
ED	2011-10-12	0.993270	1.006780e+5	58.100	55.150	58.100	50.410	55.150	57.310	55.150	58.100	0.510	0.000000	58.60	55.15	0.00	36
ED	2011-10-11	1.018710	9.816380e+4	58.100	55.150	58.100	50.410	55.150	57.310	55.150	58.100	0.810	0.000000	58.61	55.15	0.00	37
ED	2011-10-10	1.029690	9.711660e+4	58.100	55.150	58.100	50.410	55.150	57.310	55.150	58.100	1.110	0.000000	58.61	55.15	0.00	38
ED	2011-10-07	1.025460	9.751690e+4	58.100	55.120	58.100	50.410	55.150	57.310	55.120	58.100	0.840	0.000000	58.61	55.12	0.00	39
ED	2011-10-06	1.035220	9.659740e+4	58.100	55.120	58.100	50.410	55.150	57.310	55.120	58.100	1.080	0.000000	58.62	55.12	0.00	40
ED	2011-10-05	1.032870	9.681780e+4	58.100	55.120	58.100	50.410	56.110	57.310	55.120	58.100	1.850	0.000000	58.62	55.12	0.00	41
ED	2011-10-04	0.989861	1.010240e+5	58.100	55.120	58.100	50.410	56.110	58.100	55.120	58.100	1.460	0.000000	58.59	55.12	0.00	42
ED	2011-10-03	0.965116	1.036140e+5	58.100	55.120	58.100	50.410	56.110	58.100	55.120	58.100	1.140	0.000000	58.58	55.12	0.00	43
ED	2011-09-30	0.955912	1.046120e+5	58.100	55.120	58.100	50.410	56.110	58.100	55.120	58.100	0.740	0.000000	58.58	55.12	0.00	44
ED	2011-09-29	0.967276	1.033830e+5	58.100	55.120	58.100	50.410	56.110	58.100	55.120	58.100	1.230	0.000000	58.58	55.12	0.00	45
ED	2011-09-28	0.953448	1.048820e+5	58.100	55.120	58.100	50.410	56.550	58.100	55.120	58.100	0.930	0.000000	58.58	55.12	0.00	46
ED	2011-09-27	0.954682	1.047470e+5	58.100	55.120	58.100	50.410	56.280	58.100	55.120	58.100	1.020	0.000000	58.58	55.12	0.00	47
ED	2011-09-26	0.951245	1.051250e+5	58.100	55.120	58.100	50.410	55.780	58.100	55.120	58.100	0.900	0.000000	58.58	55.12	0.00	48
ED	2011-09-23	0.953942	1.048280e+5	58.100	55.120	58.100	50.410	55.120	58.100	55.120	58.100	0.590	0.000000	58.58	55.12	0.00	49
ED	2011-09-22	0.973096	1.027650e+5	58.100	55.120	58.100	50.410	55.120	58.100	55.120	58.100	1.230	0.000000	58.59	55.12	0.00	50
ED	2011-09-21	0.959575	1.042130e+5	58.100	55.120	58.100	50.410	55.120	58.100	55.120	58.100	0.970	0.000000	58.58	55.12	0.00	51
ED	2011-09-20	0.959027	1.042720e+5	57.420	54.560	57.420	50.410	55.120	57.420	54.560	57.420	1.540	0.000000	57.90	54.56	0.00	52
ED	2011-09-19	0.928449	1.077070e+5	57.420	54.360	57.420	50.410	55.120	57.420	54.360	57.420	0.770	0.000000	57.88	54.36	0.00	53
