#Header line 	date 	volatility 	unit 		brkh20 	brkl20 	brkh55 	brkl55 	low10 	high10 	low20 	high20 	truerng	ignore20	add 	sellall	normalizedprice
MG	2011-12-01	1.183720	8.447960e+4	36.390	33.940	40.190	32.660	34.310	36.390	33.940	36.390	1.070	0.000000	36.98	33.94	0.00	1
MG	2011-11-30	1.189700	8.405460e+4	35.990	33.940	40.190	32.660	34.310	35.350	33.940	35.990	2.080	0.000000	36.58	33.94	0.00	2
MG	2011-11-29	1.142850	8.750090e+4	36.000	33.940	40.190	32.660	34.520	35.350	33.940	36.000	0.750	0.000000	36.57	33.94	0.00	3
MG	2011-11-28	1.163520	8.594600e+4	38.030	33.940	40.190	32.660	34.520	35.350	33.940	38.030	0.630	0.000000	38.61	33.94	0.00	4
MG	2011-11-25	1.191600	8.392070e+4	39.630	33.940	40.190	32.660	34.520	35.350	33.940	39.630	1.040	0.000000	40.23	33.94	0.00	5
MG	2011-11-24	1.199580	8.336250e+4	40.190	33.940	40.190	32.660	34.140	35.350	33.940	40.190	0.690	0.000000	40.79	33.94	0.00	6
MG	2011-11-23	1.226400	8.153940e+4	40.190	33.940	40.190	32.660	33.940	35.350	33.940	40.190	0.880	0.000000	40.80	33.94	0.00	7
MG	2011-11-22	1.244630	8.034500e+4	40.190	33.940	40.190	32.660	33.940	35.630	33.940	40.190	0.430	0.000000	40.81	33.94	0.00	8
MG	2011-11-21	1.287510	7.766940e+4	40.190	33.940	40.190	32.660	33.940	35.630	33.940	40.190	0.840	0.000000	40.83	33.94	0.00	9
MG	2011-11-18	1.311060	7.627410e+4	40.190	33.940	40.190	32.660	33.940	35.630	33.940	40.190	0.910	0.000000	40.85	33.94	0.00	10
MG	2011-11-17	1.332170	7.506550e+4	40.190	33.940	40.190	32.660	33.940	35.630	33.940	40.190	0.980	0.000000	40.86	33.94	0.00	11
MG	2011-11-16	1.350700	7.403550e+4	40.190	33.940	40.190	32.660	33.940	35.990	33.940	40.190	0.840	0.000000	40.87	33.94	0.00	12
MG	2011-11-15	1.377580	7.259090e+4	40.190	33.940	40.190	32.660	33.940	36.000	33.940	40.190	0.720	0.000000	40.88	33.94	0.00	13
MG	2011-11-14	1.412190	7.081180e+4	40.190	33.940	40.190	32.660	33.940	38.030	33.940	40.190	0.570	0.000000	40.90	33.94	0.00	14
MG	2011-11-11	1.456520	6.865680e+4	40.190	33.940	40.190	32.660	33.940	39.630	33.940	40.190	0.800	0.000000	40.92	33.94	0.00	15
MG	2011-11-10	1.491070	6.706580e+4	40.190	33.940	40.190	32.660	33.940	40.190	33.940	40.190	0.750	0.000000	40.94	33.94	0.00	16
MG	2011-11-09	1.530080	6.535620e+4	40.190	35.170	40.190	32.660	35.170	40.190	35.170	40.190	1.830	0.000000	40.95	35.17	0.00	17
MG	2011-11-08	1.514290	6.603750e+4	40.190	35.170	40.190	32.660	35.170	40.190	35.170	40.190	0.660	0.000000	40.95	35.17	0.00	18
MG	2011-11-07	1.559250	6.413320e+4	40.190	35.170	40.190	32.660	35.170	40.190	35.170	40.190	0.960	0.000000	40.97	35.17	0.00	19
MG	2011-11-04	1.590790	6.286170e+4	40.190	35.230	40.190	32.660	35.230	40.190	35.230	40.190	0.930	0.000000	40.99	35.23	0.00	20
MG	2011-11-03	1.625570	6.151680e+4	40.190	35.990	40.190	32.660	35.990	40.190	35.990	40.190	2.830	0.000000	41.00	35.99	0.00	21
MG	2011-11-02	1.562180	6.401310e+4	40.190	35.000	40.190	32.660	36.000	40.190	35.000	40.190	1.030	0.000000	40.97	35.00	0.00	22
MG	2011-11-01	1.590190	6.288550e+4	40.190	33.050	40.190	32.660	36.520	40.190	33.050	40.190	2.480	0.000000	40.99	33.05	0.00	23
MG	2011-10-31	1.543360	6.479380e+4	40.190	33.050	40.190	32.660	36.520	40.190	33.050	40.190	1.630	0.000000	40.96	33.05	0.00	24
MG	2011-10-28	1.538800	6.498580e+4	40.190	33.050	40.190	32.660	36.520	40.190	33.050	40.190	1.320	0.000000	40.96	33.05	0.00	25
MG	2011-10-27	1.550310	6.450310e+4	38.960	33.050	38.960	32.660	36.520	38.250	33.050	38.960	3.040	0.000000	39.74	33.05	0.00	26
MG	2011-10-26	1.471910	6.793900e+4	38.960	33.050	38.960	32.660	36.520	38.960	33.050	38.960	1.410	0.000000	39.70	33.05	0.00	27
MG	2011-10-25	1.475170	6.778890e+4	38.960	33.050	38.960	32.660	36.520	38.960	33.050	38.960	1.240	0.000000	39.70	33.05	0.00	28
MG	2011-10-24	1.487550	6.722480e+4	38.960	33.050	43.970	32.660	36.520	38.960	33.050	38.960	0.900	0.000000	39.70	33.05	0.00	29
MG	2011-10-21	1.518470	6.585580e+4	38.960	32.660	45.310	32.660	36.520	38.960	32.660	38.960	1.550	0.000000	39.72	32.66	0.00	30
MG	2011-10-20	1.516810	6.592790e+4	38.960	32.660	45.310	32.660	36.390	38.960	32.660	38.960	1.260	0.000000	39.72	32.66	0.00	31
MG	2011-10-19	1.530330	6.534560e+4	38.960	32.660	46.600	32.660	35.000	38.960	32.660	38.960	1.010	0.000000	39.73	32.66	0.00	32
MG	2011-10-18	1.557710	6.419680e+4	38.960	32.660	46.600	32.660	33.050	38.960	32.660	38.960	1.120	0.000000	39.74	32.66	0.00	33
MG	2011-10-17	1.580750	6.326120e+4	38.960	32.660	46.600	32.660	33.050	38.960	32.660	38.960	1.190	0.000000	39.75	32.66	0.00	34
MG	2011-10-14	1.601310	6.244870e+4	38.960	32.660	47.550	32.660	33.050	38.960	32.660	38.960	1.080	0.000000	39.76	32.66	0.00	35
MG	2011-10-13	1.628750	6.139670e+4	38.960	32.660	48.570	32.660	33.050	38.960	32.660	38.960	2.510	0.000000	39.77	32.66	0.00	36
MG	2011-10-12	1.582370	6.319630e+4	38.900	32.660	49.610	32.660	33.050	38.900	32.660	38.900	1.190	0.000000	39.69	32.66	0.00	37
MG	2011-10-11	1.603020	6.238220e+4	37.410	32.660	49.610	32.660	33.050	37.400	32.660	37.410	1.680	0.000000	38.21	32.66	0.00	38
MG	2011-10-07	1.598970	6.254030e+4	37.410	32.660	49.610	32.660	33.050	37.400	32.660	37.410	1.460	0.000000	38.21	32.66	0.00	39
MG	2011-10-06	1.606280	6.225550e+4	37.410	32.660	49.610	32.660	32.660	36.390	32.660	37.410	1.340	0.000000	38.21	32.66	0.00	40
MG	2011-10-05	1.620300	6.171700e+4	37.410	32.660	49.610	32.660	32.660	35.390	32.660	37.410	2.800	0.000000	38.22	32.66	0.00	41
MG	2011-10-04	1.558210	6.417620e+4	37.410	32.660	49.650	32.660	32.660	36.460	32.660	37.410	3.090	0.000000	38.19	32.66	0.00	42
MG	2011-10-03	1.477590	6.767780e+4	37.410	32.660	49.830	32.660	32.660	37.220	32.660	37.410	1.840	0.000000	38.15	32.66	0.00	43
MG	2011-09-30	1.458510	6.856290e+4	37.410	32.660	50.250	32.660	32.660	37.220	32.660	37.410	1.240	0.000000	38.14	32.66	0.00	44
MG	2011-09-29	1.470020	6.802650e+4	37.410	32.660	50.250	32.660	32.660	37.410	32.660	37.410	1.340	0.000000	38.15	32.66	0.00	45
MG	2011-09-28	1.476860	6.771130e+4	37.410	32.660	50.250	32.660	32.660	37.410	32.660	37.410	1.180	0.000000	38.15	32.66	0.00	46
MG	2011-09-27	1.492480	6.700250e+4	37.410	32.660	50.250	32.660	32.660	37.410	32.660	37.410	2.170	0.000000	38.16	32.66	0.00	47
MG	2011-09-26	1.456820	6.864250e+4	37.410	32.660	50.730	32.660	32.660	37.410	32.660	37.410	1.330	0.000000	38.14	32.66	0.00	48
MG	2011-09-23	1.463500	6.832940e+4	37.410	32.660	50.850	32.660	32.660	37.410	32.660	37.410	1.380	0.000000	38.14	32.66	0.00	49
MG	2011-09-22	1.467890	6.812490e+4	37.410	34.150	51.090	33.250	34.150	37.410	34.150	37.410	1.970	0.000000	38.14	34.15	0.00	50
MG	2011-09-21	1.441470	6.937380e+4	37.410	34.400	51.500	33.250	34.940	37.410	34.400	37.410	2.310	0.000000	38.13	34.40	0.00	51
MG	2011-09-20	1.395750	7.164590e+4	37.410	33.320	52.150	33.250	34.940	37.410	33.320	37.410	1.300	0.000000	38.11	33.32	0.00	52
MG	2011-09-19	1.400790	7.138810e+4	37.410	33.250	52.150	33.250	34.940	37.410	33.250	37.410	1.270	0.000000	38.11	33.25	0.00	53
