#Header line 	date 	volatility 	unit 		brkh20 	brkl20 	brkh55 	brkl55 	low10 	high10 	low20 	high20 	truerng	ignore20	add 	sellall	normalizedprice
AW-UN	2011-12-01	0.275334	3.631960e+5	20.000	19.180	20.000	18.230	19.180	19.750	19.180	20.000	0.190	0.000000	20.14	19.18	0.00	1
AW-UN	2011-11-30	0.279825	3.573660e+5	20.000	19.180	20.000	18.230	19.180	19.740	19.180	20.000	0.230	0.000000	20.14	19.18	0.00	2
AW-UN	2011-11-29	0.282447	3.540480e+5	20.000	19.180	20.000	18.230	19.180	19.740	19.180	20.000	0.320	0.000000	20.14	19.18	0.00	3
AW-UN	2011-11-28	0.280471	3.565430e+5	20.000	19.180	20.000	18.230	19.180	19.760	19.180	20.000	0.300	0.000000	20.14	19.18	0.00	4
AW-UN	2011-11-25	0.279443	3.578550e+5	20.000	19.180	20.000	18.230	19.180	19.760	19.180	20.000	0.530	0.000000	20.14	19.18	0.00	5
AW-UN	2011-11-24	0.266256	3.755790e+5	20.000	19.180	20.000	18.230	19.180	19.760	19.180	20.000	0.110	0.000000	20.13	19.18	0.00	6
AW-UN	2011-11-23	0.274480	3.643260e+5	20.000	19.290	20.000	18.230	19.310	19.760	19.290	20.000	0.320	0.000000	20.14	19.29	0.00	7
AW-UN	2011-11-22	0.272084	3.675340e+5	20.000	19.250	20.000	18.230	19.410	19.760	19.250	20.000	0.330	0.000000	20.14	19.25	0.00	8
AW-UN	2011-11-21	0.269036	3.716980e+5	20.000	19.200	20.000	18.230	19.410	19.940	19.200	20.000	0.300	0.000000	20.13	19.20	0.00	9
AW-UN	2011-11-18	0.267406	3.739630e+5	20.000	19.060	20.000	18.230	19.410	20.000	19.060	20.000	0.290	0.000000	20.13	19.06	0.00	10
AW-UN	2011-11-17	0.266217	3.756330e+5	20.000	19.060	20.000	18.230	19.410	20.000	19.060	20.000	0.190	0.000000	20.13	19.06	0.00	11
AW-UN	2011-11-16	0.270228	3.700570e+5	20.000	19.060	20.000	18.230	19.410	20.000	19.060	20.000	0.180	0.000000	20.14	19.06	0.00	12
AW-UN	2011-11-15	0.274977	3.636660e+5	20.000	18.860	20.000	18.230	19.410	20.000	18.860	20.000	0.320	0.000000	20.14	18.86	0.00	13
AW-UN	2011-11-14	0.272608	3.668280e+5	20.000	18.860	20.000	18.230	19.410	20.000	18.860	20.000	0.430	0.000000	20.14	18.86	0.00	14
AW-UN	2011-11-11	0.264324	3.783240e+5	20.000	18.860	20.000	18.230	19.650	20.000	18.860	20.000	0.290	0.000000	20.13	18.86	0.00	15
AW-UN	2011-11-10	0.262972	3.802680e+5	20.000	18.860	20.000	18.230	19.310	20.000	18.860	20.000	0.330	0.000000	20.13	18.86	0.00	16
AW-UN	2011-11-09	0.259445	3.854390e+5	20.000	18.860	20.000	18.230	19.290	20.000	18.860	20.000	0.190	0.000000	20.13	18.86	0.00	17
AW-UN	2011-11-08	0.263100	3.800840e+5	20.000	18.860	20.000	18.230	19.250	20.000	18.860	20.000	0.290	0.000000	20.13	18.86	0.00	18
AW-UN	2011-11-07	0.261684	3.821400e+5	20.000	18.740	20.000	18.230	19.200	20.000	18.740	20.000	0.200	0.000000	20.13	18.74	0.00	19
AW-UN	2011-11-04	0.264930	3.774580e+5	19.960	18.590	19.960	18.230	19.060	19.960	18.590	19.960	0.150	0.000000	20.09	18.59	0.00	20
AW-UN	2011-11-03	0.270979	3.690320e+5	19.830	18.230	19.830	18.230	19.060	19.830	18.230	19.830	0.270	0.000000	19.97	18.23	0.00	21
AW-UN	2011-11-02	0.271031	3.689620e+5	19.750	18.230	19.750	18.230	19.060	19.750	18.230	19.750	0.310	0.000000	19.89	18.23	0.00	22
AW-UN	2011-11-01	0.268980	3.717750e+5	19.750	18.230	19.750	18.230	18.860	19.750	18.230	19.750	0.130	0.000000	19.88	18.23	0.00	23
AW-UN	2011-10-31	0.276295	3.619320e+5	19.750	18.230	19.750	18.230	18.860	19.750	18.230	19.750	0.240	0.000000	19.89	18.23	0.00	24
AW-UN	2011-10-28	0.278205	3.594470e+5	19.310	18.230	19.650	18.230	18.860	19.310	18.230	19.310	0.440	0.000000	19.45	18.23	0.00	25
AW-UN	2011-10-27	0.269689	3.707970e+5	19.650	18.230	19.650	18.230	18.860	19.290	18.230	19.650	0.160	0.000000	19.78	18.23	0.00	26
AW-UN	2011-10-26	0.275462	3.630260e+5	19.650	18.230	19.650	18.230	18.860	19.250	18.230	19.650	0.300	0.000000	19.79	18.23	0.00	27
AW-UN	2011-10-25	0.274171	3.647360e+5	19.650	18.230	19.650	18.230	18.860	19.200	18.230	19.650	0.200	0.000000	19.79	18.23	0.00	28
AW-UN	2011-10-24	0.278075	3.596160e+5	19.650	18.230	19.650	18.230	18.740	19.160	18.230	19.650	0.190	0.000000	19.79	18.23	0.00	29
AW-UN	2011-10-21	0.282710	3.537190e+5	19.650	18.230	19.800	18.230	18.590	19.160	18.230	19.650	0.150	0.000000	19.79	18.23	0.00	30
AW-UN	2011-10-20	0.289695	3.451910e+5	19.650	18.230	19.800	18.230	18.230	19.160	18.230	19.650	0.140	0.000000	19.79	18.23	0.00	31
AW-UN	2011-10-19	0.297574	3.360510e+5	19.650	18.230	19.800	18.230	18.230	19.160	18.230	19.650	0.300	0.000000	19.80	18.23	0.00	32
AW-UN	2011-10-18	0.297446	3.361950e+5	19.650	18.230	19.800	18.230	18.230	19.160	18.230	19.650	0.300	0.000000	19.80	18.23	0.00	33
AW-UN	2011-10-17	0.297312	3.363480e+5	19.650	18.230	19.800	18.230	18.230	19.240	18.230	19.650	0.180	0.000000	19.80	18.23	0.00	34
AW-UN	2011-10-14	0.303486	3.295050e+5	19.650	18.230	19.800	18.230	18.230	19.300	18.230	19.650	0.120	0.000000	19.80	18.23	0.00	35
AW-UN	2011-10-13	0.313143	3.193430e+5	19.650	18.230	19.800	18.230	18.230	19.650	18.230	19.650	0.190	0.000000	19.81	18.23	0.00	36
AW-UN	2011-10-12	0.319624	3.128670e+5	19.650	18.230	19.800	18.230	18.230	19.650	18.230	19.650	0.260	0.000000	19.81	18.23	0.00	37
AW-UN	2011-10-11	0.322762	3.098250e+5	19.650	18.230	19.800	18.230	18.230	19.650	18.230	19.650	0.360	0.000000	19.81	18.23	0.00	38
AW-UN	2011-10-07	0.320802	3.117180e+5	19.650	18.230	19.800	18.230	18.230	19.650	18.230	19.650	0.290	0.000000	19.81	18.23	0.00	39
AW-UN	2011-10-06	0.322424	3.101510e+5	19.650	18.230	19.800	18.230	18.230	19.650	18.230	19.650	0.640	0.000000	19.81	18.23	0.00	40
AW-UN	2011-10-05	0.305709	3.271080e+5	19.650	18.350	19.800	18.350	18.350	19.650	18.350	19.650	0.170	0.000000	19.80	18.35	0.00	41
AW-UN	2011-10-04	0.312852	3.196400e+5	19.650	18.700	19.800	18.560	18.700	19.650	18.700	19.650	0.500	0.000000	19.81	18.70	0.00	42
AW-UN	2011-10-03	0.303002	3.300310e+5	19.650	18.700	19.800	18.560	18.700	19.650	18.700	19.650	0.490	0.000000	19.80	18.70	0.00	43
AW-UN	2011-09-30	0.293160	3.411110e+5	19.650	18.700	19.800	18.560	18.700	19.650	18.700	19.650	0.440	0.000000	19.80	18.70	0.00	44
AW-UN	2011-09-29	0.285431	3.503470e+5	19.650	18.700	19.800	18.560	18.700	19.650	18.700	19.650	0.450	0.000000	19.79	18.70	0.00	45
AW-UN	2011-09-28	0.276770	3.613110e+5	19.600	18.700	19.800	18.560	18.700	19.550	18.700	19.600	0.200	0.000000	19.74	18.70	0.00	46
AW-UN	2011-09-27	0.280810	3.561120e+5	19.600	18.700	19.800	18.560	18.700	19.420	18.700	19.600	0.310	0.000000	19.74	18.70	0.00	47
AW-UN	2011-09-26	0.279274	3.580710e+5	19.600	18.700	19.800	18.560	18.700	19.470	18.700	19.600	0.550	0.000000	19.74	18.70	0.00	48
AW-UN	2011-09-23	0.265025	3.773220e+5	19.600	18.860	19.800	18.560	18.900	19.500	18.860	19.600	0.640	0.000000	19.73	18.86	0.00	49
AW-UN	2011-09-22	0.245290	4.076810e+5	19.600	18.860	19.800	18.560	19.300	19.600	18.860	19.600	0.400	0.000000	19.72	18.86	0.00	50
AW-UN	2011-09-21	0.237147	4.216790e+5	19.600	18.860	19.800	18.560	19.310	19.600	18.860	19.600	0.080	0.000000	19.72	18.86	0.00	51
AW-UN	2011-09-20	0.245418	4.074680e+5	19.600	18.850	19.800	18.560	19.100	19.600	18.850	19.600	0.170	0.000000	19.72	18.85	0.00	52
AW-UN	2011-09-19	0.249387	4.009820e+5	19.600	18.690	19.800	18.560	19.100	19.600	18.690	19.600	0.140	0.000000	19.72	18.69	0.00	53
