#Header line 	date 	volatility 	unit 		brkh20 	brkl20 	brkh55 	brkl55 	low10 	high10 	low20 	high20 	truerng	ignore20	add 	sellall	normalizedprice
YLO-UN	2011-12-02	0.047119	2.122290e+6	0.360	0.200	0.790	0.140	0.200	0.260	0.200	0.360	0.030	0.000000	0.38	0.20	0.00	1
YLO-UN	2011-12-01	0.048020	2.082470e+6	0.440	0.200	0.790	0.140	0.200	0.270	0.200	0.440	0.040	0.000000	0.46	0.20	0.00	2
YLO-UN	2011-11-30	0.048442	2.064320e+6	0.440	0.220	0.790	0.140	0.220	0.270	0.220	0.440	0.030	0.000000	0.46	0.22	0.00	3
YLO-UN	2011-11-29	0.049413	2.023770e+6	0.440	0.220	0.790	0.140	0.220	0.290	0.220	0.440	0.020	0.000000	0.46	0.22	0.00	4
YLO-UN	2011-11-28	0.050961	1.962300e+6	0.440	0.220	0.810	0.140	0.220	0.340	0.220	0.440	0.030	0.000000	0.47	0.22	0.00	5
YLO-UN	2011-11-25	0.052064	1.920720e+6	0.440	0.220	0.850	0.140	0.220	0.350	0.220	0.440	0.010	0.000000	0.47	0.22	0.00	6
YLO-UN	2011-11-24	0.054278	1.842370e+6	0.440	0.220	0.850	0.140	0.220	0.360	0.220	0.440	0.020	0.000000	0.47	0.22	0.00	7
YLO-UN	2011-11-23	0.056082	1.783110e+6	0.500	0.240	0.850	0.140	0.240	0.360	0.240	0.500	0.020	0.000000	0.53	0.24	0.00	8
YLO-UN	2011-11-22	0.057981	1.724700e+6	0.500	0.260	0.900	0.140	0.260	0.360	0.260	0.500	0.020	0.000000	0.53	0.26	0.00	9
YLO-UN	2011-11-21	0.059980	1.667220e+6	0.500	0.260	0.900	0.140	0.260	0.360	0.260	0.500	0.040	0.000000	0.53	0.26	0.00	10
YLO-UN	2011-11-18	0.061032	1.638500e+6	0.500	0.260	0.900	0.140	0.260	0.360	0.260	0.500	0.020	0.000000	0.53	0.26	0.00	11
YLO-UN	2011-11-17	0.063191	1.582500e+6	0.500	0.220	0.900	0.140	0.260	0.440	0.220	0.500	0.050	0.000000	0.53	0.22	0.00	12
YLO-UN	2011-11-16	0.063885	1.565300e+6	0.500	0.220	0.900	0.140	0.290	0.440	0.220	0.500	0.040	0.000000	0.53	0.22	0.00	13
YLO-UN	2011-11-15	0.065143	1.535100e+6	0.500	0.210	0.950	0.140	0.330	0.440	0.210	0.500	0.050	0.000000	0.53	0.21	0.00	14
YLO-UN	2011-11-14	0.065939	1.516540e+6	0.500	0.190	0.950	0.140	0.330	0.440	0.190	0.500	0.020	0.000000	0.53	0.19	0.00	15
YLO-UN	2011-11-11	0.068357	1.462900e+6	0.500	0.190	0.950	0.140	0.330	0.440	0.190	0.500	0.020	0.000000	0.53	0.19	0.00	16
YLO-UN	2011-11-10	0.070902	1.410390e+6	0.500	0.190	0.950	0.140	0.330	0.440	0.190	0.500	0.030	0.000000	0.54	0.19	0.00	17
YLO-UN	2011-11-09	0.073055	1.368830e+6	0.500	0.190	1.000	0.140	0.330	0.500	0.190	0.500	0.020	0.000000	0.54	0.19	0.00	18
YLO-UN	2011-11-08	0.075848	1.318430e+6	0.500	0.190	1.080	0.140	0.330	0.500	0.190	0.500	0.060	0.000000	0.54	0.19	0.00	19
YLO-UN	2011-11-07	0.076682	1.304090e+6	0.500	0.190	1.110	0.140	0.330	0.500	0.190	0.500	0.050	0.000000	0.54	0.19	0.00	20
YLO-UN	2011-11-04	0.078086	1.280640e+6	0.500	0.190	1.150	0.140	0.260	0.500	0.190	0.500	0.120	0.000000	0.54	0.19	0.00	21
YLO-UN	2011-11-03	0.075880	1.317870e+6	0.500	0.170	1.150	0.140	0.220	0.500	0.170	0.500	0.090	0.000000	0.54	0.17	0.00	22
YLO-UN	2011-11-02	0.075137	1.330910e+6	0.500	0.150	1.210	0.140	0.220	0.500	0.150	0.500	0.040	0.000000	0.54	0.15	0.00	23
YLO-UN	2011-11-01	0.076986	1.298940e+6	0.500	0.150	1.210	0.140	0.210	0.500	0.150	0.500	0.050	0.000000	0.54	0.15	0.00	24
YLO-UN	2011-10-31	0.078406	1.275410e+6	0.500	0.150	1.210	0.140	0.190	0.500	0.150	0.500	0.060	0.000000	0.54	0.15	0.00	25
YLO-UN	2011-10-28	0.079375	1.259840e+6	0.500	0.140	1.210	0.140	0.190	0.500	0.140	0.500	0.110	0.000000	0.54	0.14	0.00	26
YLO-UN	2011-10-27	0.077763	1.285950e+6	0.500	0.140	1.210	0.140	0.190	0.500	0.140	0.500	0.240	0.000000	0.54	0.14	0.00	27
YLO-UN	2011-10-26	0.069225	1.444570e+6	0.590	0.140	1.210	0.140	0.190	0.360	0.140	0.590	0.140	0.000000	0.62	0.14	0.00	28
YLO-UN	2011-10-25	0.065500	1.526730e+6	0.590	0.140	1.210	0.140	0.190	0.330	0.140	0.590	0.060	0.000000	0.62	0.14	0.00	29
YLO-UN	2011-10-24	0.065789	1.520010e+6	0.610	0.140	1.210	0.140	0.190	0.260	0.140	0.610	0.080	0.000000	0.64	0.14	0.00	30
YLO-UN	2011-10-21	0.065041	1.537490e+6	0.610	0.140	1.940	0.140	0.190	0.220	0.140	0.610	0.050	0.000000	0.64	0.14	0.00	31
YLO-UN	2011-10-20	0.065833	1.519000e+6	0.610	0.140	2.000	0.140	0.170	0.220	0.140	0.610	0.020	0.000000	0.64	0.14	0.00	32
YLO-UN	2011-10-19	0.068245	1.465310e+6	0.610	0.140	2.080	0.140	0.150	0.220	0.140	0.610	0.030	0.000000	0.64	0.14	0.00	33
YLO-UN	2011-10-18	0.070258	1.423330e+6	0.670	0.140	2.160	0.140	0.150	0.220	0.140	0.670	0.020	0.000000	0.71	0.14	0.00	34
YLO-UN	2011-10-17	0.072903	1.371690e+6	0.710	0.140	2.160	0.140	0.150	0.220	0.140	0.710	0.010	0.000000	0.75	0.14	0.00	35
YLO-UN	2011-10-14	0.076214	1.312100e+6	0.790	0.140	2.260	0.140	0.140	0.220	0.140	0.790	0.010	0.000000	0.83	0.14	0.00	36
YLO-UN	2011-10-13	0.079699	1.254730e+6	0.790	0.140	2.260	0.140	0.140	0.280	0.140	0.790	0.010	0.000000	0.83	0.14	0.00	37
YLO-UN	2011-10-12	0.083367	1.199520e+6	0.790	0.140	2.350	0.140	0.140	0.590	0.140	0.790	0.020	0.000000	0.83	0.14	0.00	38
YLO-UN	2011-10-11	0.086702	1.153380e+6	0.790	0.140	2.350	0.140	0.140	0.590	0.140	0.790	0.050	0.000000	0.83	0.14	0.00	39
YLO-UN	2011-10-07	0.088634	1.128240e+6	0.810	0.140	2.350	0.140	0.140	0.610	0.140	0.810	0.030	0.000000	0.85	0.14	0.00	40
YLO-UN	2011-10-06	0.091720	1.090280e+6	0.850	0.140	2.350	0.140	0.140	0.610	0.140	0.850	0.070	0.000000	0.90	0.14	0.00	41
YLO-UN	2011-10-05	0.092863	1.076860e+6	0.850	0.140	2.350	0.140	0.140	0.610	0.140	0.850	0.020	0.000000	0.90	0.14	0.00	42
YLO-UN	2011-10-04	0.096698	1.034150e+6	0.850	0.140	2.350	0.140	0.140	0.610	0.140	0.850	0.010	0.000000	0.90	0.14	0.00	43
YLO-UN	2011-10-03	0.101261	9.875490e+5	0.900	0.140	2.350	0.140	0.140	0.670	0.140	0.900	0.040	0.000000	0.95	0.14	0.00	44
YLO-UN	2011-09-30	0.104485	9.570750e+5	0.900	0.140	2.350	0.140	0.140	0.710	0.140	0.900	0.040	0.000000	0.95	0.14	0.00	45
YLO-UN	2011-09-29	0.107879	9.269650e+5	0.900	0.280	2.370	0.280	0.280	0.790	0.280	0.900	0.150	0.000000	0.95	0.28	0.00	46
YLO-UN	2011-09-28	0.105662	9.464130e+5	0.900	0.530	2.370	0.530	0.530	0.790	0.530	0.900	0.330	0.000000	0.95	0.53	0.00	47
YLO-UN	2011-09-27	0.093855	1.065480e+6	0.900	0.530	2.400	0.530	0.530	0.790	0.530	0.900	0.040	0.000000	0.95	0.53	0.00	48
YLO-UN	2011-09-26	0.096689	1.034240e+6	0.950	0.530	2.690	0.530	0.530	0.790	0.530	0.950	0.070	0.000000	1.00	0.53	0.00	49
YLO-UN	2011-09-23	0.098094	1.019430e+6	0.950	0.530	2.690	0.530	0.530	0.810	0.530	0.950	0.080	0.000000	1.00	0.53	0.00	50
YLO-UN	2011-09-22	0.099046	1.009630e+6	0.950	0.540	2.690	0.540	0.540	0.850	0.540	0.950	0.060	0.000000	1.00	0.54	0.00	51
YLO-UN	2011-09-21	0.101101	9.891060e+5	0.950	0.550	2.690	0.550	0.550	0.850	0.550	0.950	0.060	0.000000	1.00	0.55	0.00	52
YLO-UN	2011-09-20	0.103265	9.683860e+5	1.000	0.670	2.690	0.670	0.670	0.850	0.670	1.000	0.140	0.000000	1.05	0.67	0.00	53
YLO-UN	2011-09-19	0.101331	9.868630e+5	1.080	0.710	2.690	0.710	0.710	0.900	0.710	1.080	0.060	0.000000	1.13	0.71	0.00	54
