#Header line 	date 	volatility 	unit 		brkh20 	brkl20 	brkh55 	brkl55 	low10 	high10 	low20 	high20 	truerng	ignore20	add 	sellall	normalizedprice
TBL	2011-12-01	0.025203	3.967780e+6	0.690	0.600	0.700	0.580	0.600	0.690	0.600	0.690	0.060	0.000000	0.70	0.60	0.00	1
TBL	2011-11-30	0.023372	4.278700e+6	0.690	0.600	0.700	0.580	0.600	0.690	0.600	0.690	0.000	0.000000	0.70	0.60	0.00	2
TBL	2011-11-29	0.024602	4.064770e+6	0.690	0.600	0.700	0.580	0.600	0.650	0.600	0.690	0.090	0.000000	0.70	0.60	0.00	3
TBL	2011-11-28	0.021160	4.725980e+6	0.690	0.600	0.700	0.580	0.600	0.650	0.600	0.690	0.010	0.000000	0.70	0.60	0.00	4
TBL	2011-11-25	0.021747	4.598340e+6	0.690	0.600	0.700	0.580	0.600	0.650	0.600	0.690	0.020	0.000000	0.70	0.60	0.00	5
TBL	2011-11-24	0.021839	4.578980e+6	0.690	0.600	0.700	0.580	0.600	0.650	0.600	0.690	0.000	0.000000	0.70	0.60	0.00	6
TBL	2011-11-23	0.022988	4.350030e+6	0.690	0.600	0.700	0.580	0.600	0.650	0.600	0.690	0.020	0.000000	0.70	0.60	0.00	7
TBL	2011-11-22	0.023146	4.320470e+6	0.690	0.600	0.700	0.580	0.640	0.650	0.600	0.690	0.090	0.000000	0.70	0.60	0.00	8
TBL	2011-11-21	0.019627	5.095030e+6	0.690	0.600	0.700	0.580	0.640	0.690	0.600	0.690	0.010	0.000000	0.70	0.60	0.00	9
TBL	2011-11-18	0.020134	4.966810e+6	0.690	0.600	0.700	0.580	0.600	0.690	0.600	0.690	0.000	0.000000	0.70	0.60	0.00	10
TBL	2011-11-17	0.021193	4.718470e+6	0.690	0.600	0.700	0.580	0.600	0.690	0.600	0.690	0.000	0.000000	0.70	0.60	0.00	11
TBL	2011-11-16	0.022309	4.482550e+6	0.690	0.590	0.700	0.580	0.600	0.690	0.590	0.690	0.000	0.000000	0.70	0.59	0.00	12
TBL	2011-11-15	0.023483	4.258420e+6	0.690	0.580	0.700	0.580	0.600	0.690	0.580	0.690	0.010	0.000000	0.70	0.58	0.00	13
TBL	2011-11-14	0.024192	4.133510e+6	0.700	0.580	0.700	0.580	0.600	0.690	0.580	0.700	0.060	0.000000	0.71	0.58	0.00	14
TBL	2011-11-11	0.022308	4.482710e+6	0.700	0.580	0.740	0.580	0.600	0.690	0.580	0.700	0.000	0.000000	0.71	0.58	0.00	15
TBL	2011-11-10	0.023482	4.258580e+6	0.700	0.580	0.740	0.580	0.600	0.690	0.580	0.700	0.010	0.000000	0.71	0.58	0.00	16
TBL	2011-11-09	0.024192	4.133670e+6	0.700	0.580	0.740	0.580	0.600	0.690	0.580	0.700	0.010	0.000000	0.71	0.58	0.00	17
TBL	2011-11-08	0.024938	4.009860e+6	0.700	0.580	0.740	0.580	0.600	0.690	0.580	0.700	0.040	0.000000	0.71	0.58	0.00	18
TBL	2011-11-07	0.024146	4.141500e+6	0.700	0.580	0.740	0.580	0.600	0.660	0.580	0.700	0.090	0.000000	0.71	0.58	0.00	19
TBL	2011-11-04	0.020680	4.835640e+6	0.700	0.580	0.750	0.580	0.600	0.660	0.580	0.700	0.000	0.000000	0.71	0.58	0.00	20
TBL	2011-11-03	0.021768	4.593850e+6	0.700	0.580	0.750	0.580	0.600	0.660	0.580	0.700	0.000	0.000000	0.71	0.58	0.00	21
TBL	2011-11-02	0.022914	4.364160e+6	0.700	0.580	0.750	0.580	0.590	0.660	0.580	0.700	0.000	0.000000	0.71	0.58	0.00	22
TBL	2011-11-01	0.024120	4.145950e+6	0.700	0.580	0.750	0.580	0.580	0.660	0.580	0.700	0.060	0.000000	0.71	0.58	0.00	23
TBL	2011-10-31	0.022232	4.498130e+6	0.700	0.580	0.750	0.580	0.580	0.700	0.580	0.700	0.000	0.000000	0.71	0.58	0.00	24
TBL	2011-10-28	0.023402	4.273220e+6	0.700	0.580	0.750	0.580	0.580	0.700	0.580	0.700	0.050	0.000000	0.71	0.58	0.00	25
TBL	2011-10-27	0.022002	4.545120e+6	0.700	0.580	0.750	0.580	0.580	0.700	0.580	0.700	0.020	0.000000	0.71	0.58	0.00	26
TBL	2011-10-26	0.022107	4.523460e+6	0.700	0.580	0.750	0.580	0.580	0.700	0.580	0.700	0.000	0.000000	0.71	0.58	0.00	27
TBL	2011-10-25	0.023270	4.297280e+6	0.700	0.580	0.750	0.580	0.580	0.700	0.580	0.700	0.040	0.000000	0.71	0.58	0.00	28
TBL	2011-10-24	0.022390	4.466280e+6	0.700	0.580	0.750	0.580	0.580	0.700	0.580	0.700	0.040	0.000000	0.71	0.58	0.00	29
TBL	2011-10-21	0.021463	4.659140e+6	0.700	0.580	0.750	0.580	0.580	0.700	0.580	0.700	0.000	0.000000	0.71	0.58	0.00	30
TBL	2011-10-20	0.022593	4.426180e+6	0.700	0.580	0.750	0.580	0.580	0.700	0.580	0.700	0.010	0.000000	0.71	0.58	0.00	31
TBL	2011-10-19	0.023256	4.300040e+6	0.700	0.580	0.750	0.580	0.580	0.700	0.580	0.700	0.010	0.000000	0.71	0.58	0.00	32
TBL	2011-10-18	0.023953	4.174800e+6	0.700	0.620	0.750	0.600	0.620	0.700	0.620	0.700	0.120	0.000000	0.71	0.62	0.00	33
TBL	2011-10-17	0.018898	5.291520e+6	0.700	0.620	0.750	0.600	0.620	0.690	0.620	0.700	0.050	0.000000	0.71	0.62	0.00	34
TBL	2011-10-14	0.017261	5.793330e+6	0.700	0.620	0.750	0.600	0.620	0.700	0.620	0.700	0.010	0.000000	0.71	0.62	0.00	35
TBL	2011-10-13	0.017643	5.667840e+6	0.700	0.620	0.750	0.600	0.620	0.700	0.620	0.700	0.000	0.000000	0.71	0.62	0.00	36
TBL	2011-10-12	0.018572	5.384450e+6	0.700	0.620	0.750	0.600	0.620	0.700	0.620	0.700	0.040	0.000000	0.71	0.62	0.00	37
TBL	2011-10-11	0.017444	5.732560e+6	0.700	0.620	0.750	0.600	0.620	0.700	0.620	0.700	0.040	0.000000	0.71	0.62	0.00	38
TBL	2011-10-07	0.016257	6.151170e+6	0.700	0.620	0.750	0.600	0.620	0.700	0.620	0.700	0.000	0.000000	0.71	0.62	0.00	39
TBL	2011-10-06	0.017113	5.843610e+6	0.700	0.620	0.750	0.600	0.620	0.700	0.620	0.700	0.000	0.000000	0.71	0.62	0.00	40
TBL	2011-10-05	0.018013	5.551430e+6	0.700	0.620	0.750	0.600	0.620	0.700	0.620	0.700	0.030	0.000000	0.71	0.62	0.00	41
TBL	2011-10-04	0.017382	5.752910e+6	0.700	0.630	0.750	0.600	0.630	0.700	0.630	0.700	0.010	0.000000	0.71	0.63	0.00	42
TBL	2011-10-03	0.017771	5.627130e+6	0.700	0.650	0.750	0.600	0.680	0.700	0.650	0.700	0.050	0.000000	0.71	0.65	0.00	43
TBL	2011-09-30	0.016075	6.220920e+6	0.700	0.650	0.750	0.600	0.680	0.700	0.650	0.700	0.020	0.000000	0.71	0.65	0.00	44
TBL	2011-09-29	0.015868	6.301910e+6	0.700	0.650	0.750	0.600	0.680	0.700	0.650	0.700	0.020	0.000000	0.71	0.65	0.00	45
TBL	2011-09-28	0.015651	6.389480e+6	0.700	0.650	0.750	0.600	0.680	0.700	0.650	0.700	0.000	0.000000	0.71	0.65	0.00	46
TBL	2011-09-27	0.016474	6.070000e+6	0.700	0.650	0.750	0.600	0.680	0.700	0.650	0.700	0.010	0.000000	0.71	0.65	0.00	47
TBL	2011-09-26	0.016815	5.946990e+6	0.700	0.650	0.750	0.600	0.680	0.700	0.650	0.700	0.000	0.000000	0.71	0.65	0.00	48
TBL	2011-09-23	0.017700	5.649640e+6	0.700	0.650	0.750	0.600	0.680	0.700	0.650	0.700	0.000	0.000000	0.71	0.65	0.00	49
TBL	2011-09-22	0.018632	5.367160e+6	0.740	0.650	0.750	0.600	0.680	0.700	0.650	0.740	0.000	0.000000	0.75	0.65	0.00	50
TBL	2011-09-21	0.019612	5.098800e+6	0.740	0.650	0.750	0.600	0.680	0.700	0.650	0.740	0.000	0.000000	0.75	0.65	0.00	51
TBL	2011-09-20	0.020645	4.843860e+6	0.740	0.650	0.750	0.600	0.650	0.700	0.650	0.740	0.000	0.000000	0.75	0.65	0.00	52
TBL	2011-09-19	0.021731	4.601670e+6	0.740	0.650	0.750	0.600	0.650	0.700	0.650	0.740	0.000	0.000000	0.75	0.65	0.00	53
