#Header line 	date 	volatility 	unit 		brkh20 	brkl20 	brkh55 	brkl55 	low10 	high10 	low20 	high20 	truerng	ignore20	add 	sellall	normalizedprice
SU	2011-12-02	1.088280	9.188800e+4	33.290	28.140	33.290	25.280	28.140	31.490	28.140	33.290	0.520	0.000000	33.83	28.14	0.00	1
SU	2011-12-01	1.118190	8.943010e+4	33.290	28.140	33.290	25.280	28.140	31.820	28.140	33.290	0.630	0.000000	33.85	28.14	0.00	2
SU	2011-11-30	1.143890	8.742130e+4	33.290	28.140	33.290	25.280	28.140	32.750	28.140	33.290	1.810	0.000000	33.86	28.14	0.00	3
SU	2011-11-29	1.108830	9.018540e+4	33.290	28.140	33.290	25.280	28.140	32.750	28.140	33.290	0.820	0.000000	33.84	28.14	0.00	4
SU	2011-11-28	1.124030	8.896570e+4	33.290	28.140	33.290	25.280	28.140	32.750	28.140	33.290	1.260	0.000000	33.85	28.14	0.00	5
SU	2011-11-25	1.116870	8.953580e+4	33.290	28.750	33.290	25.280	28.750	32.750	28.750	33.290	0.980	0.000000	33.85	28.75	0.00	6
SU	2011-11-24	1.124080	8.896200e+4	33.290	29.010	33.290	25.280	29.010	32.750	29.010	33.290	0.550	0.000000	33.85	29.01	0.00	7
SU	2011-11-23	1.154290	8.663330e+4	33.290	30.420	33.290	25.280	30.420	32.750	30.420	33.290	1.440	0.000000	33.87	30.42	0.00	8
SU	2011-11-22	1.139250	8.777680e+4	33.290	30.920	33.290	25.280	30.940	33.290	30.920	33.290	0.960	0.000000	33.86	30.92	0.00	9
SU	2011-11-21	1.148690	8.705590e+4	33.290	30.920	33.290	25.280	31.440	33.290	30.920	33.290	1.290	0.000000	33.86	30.92	0.00	10
SU	2011-11-18	1.141250	8.762320e+4	33.290	30.270	33.290	25.280	31.440	33.290	30.270	33.290	1.010	0.000000	33.86	30.27	0.00	11
SU	2011-11-17	1.148160	8.709610e+4	33.290	29.900	33.290	25.280	31.440	33.290	29.900	33.290	1.670	0.000000	33.86	29.90	0.00	12
SU	2011-11-16	1.120690	8.923060e+4	33.290	29.900	33.290	25.280	31.440	33.290	29.900	33.290	1.220	0.000000	33.85	29.90	0.00	13
SU	2011-11-15	1.115470	8.964870e+4	33.290	29.900	33.290	25.280	30.920	33.290	29.900	33.290	0.450	0.000000	33.85	29.90	0.00	14
SU	2011-11-14	1.150490	8.691950e+4	33.290	29.760	33.290	25.280	30.920	33.290	29.760	33.290	0.520	0.000000	33.87	29.76	0.00	15
SU	2011-11-11	1.183670	8.448270e+4	33.290	29.760	33.290	25.280	30.920	33.290	29.760	33.290	0.890	0.000000	33.88	29.76	0.00	16
SU	2011-11-10	1.199130	8.339380e+4	33.290	29.140	33.290	25.280	30.920	33.290	29.140	33.290	1.380	0.000000	33.89	29.14	0.00	17
SU	2011-11-09	1.189610	8.406110e+4	33.290	29.140	33.290	25.280	30.920	33.290	29.140	33.290	1.870	0.000000	33.88	29.14	0.00	18
SU	2011-11-08	1.153800	8.667010e+4	33.260	28.850	33.260	25.280	30.920	33.260	28.850	33.260	0.730	0.000000	33.84	28.85	0.00	19
SU	2011-11-07	1.176110	8.502630e+4	33.200	28.070	33.200	25.280	30.920	33.200	28.070	33.200	0.840	0.000000	33.79	28.07	0.00	20
SU	2011-11-04	1.193800	8.376640e+4	33.200	28.070	33.200	25.280	30.270	33.200	28.070	33.200	0.670	0.000000	33.80	28.07	0.00	21
SU	2011-11-03	1.221360	8.187570e+4	33.070	27.500	33.070	25.280	29.900	33.070	27.500	33.070	1.470	0.000000	33.68	27.50	0.00	22
SU	2011-11-02	1.208280	8.276240e+4	33.070	25.430	33.070	25.280	29.900	33.070	25.430	33.070	0.910	0.000000	33.67	25.43	0.00	23
SU	2011-11-01	1.223980	8.170090e+4	33.070	25.280	33.070	25.280	29.900	33.070	25.280	33.070	2.070	0.000000	33.68	25.28	0.00	24
SU	2011-10-31	1.179450	8.478530e+4	33.070	25.280	33.070	25.280	29.760	33.070	25.280	33.070	1.320	0.000000	33.66	25.28	0.00	25
SU	2011-10-28	1.172050	8.532050e+4	32.800	25.280	32.800	25.280	29.760	32.800	25.280	32.800	0.770	0.000000	33.39	25.28	0.00	26
SU	2011-10-27	1.193210	8.380740e+4	31.580	25.280	32.430	25.280	29.140	31.580	25.280	31.580	1.840	0.000000	32.18	25.28	0.00	27
SU	2011-10-26	1.159170	8.626850e+4	31.580	25.280	32.430	25.280	29.140	31.580	25.280	31.580	0.660	0.000000	32.16	25.28	0.00	28
SU	2011-10-25	1.185440	8.435660e+4	31.580	25.280	32.430	25.280	28.850	31.580	25.280	31.580	0.990	0.000000	32.17	25.28	0.00	29
SU	2011-10-24	1.195730	8.363090e+4	30.690	25.280	33.120	25.280	28.070	30.690	25.280	30.690	1.430	0.000000	31.29	25.28	0.00	30
SU	2011-10-21	1.183400	8.450230e+4	30.690	25.280	34.650	25.280	28.070	30.690	25.280	30.690	0.680	0.000000	31.28	25.28	0.00	31
SU	2011-10-20	1.209890	8.265180e+4	30.690	25.280	35.280	25.280	27.500	30.690	25.280	30.690	1.020	0.000000	31.29	25.28	0.00	32
SU	2011-10-19	1.219890	8.197470e+4	30.690	25.280	36.620	25.280	25.430	30.690	25.280	30.690	0.800	0.000000	31.30	25.28	0.00	33
SU	2011-10-18	1.241990	8.051610e+4	30.690	25.280	37.090	25.280	25.280	30.690	25.280	30.690	1.620	0.000000	31.31	25.28	0.00	34
SU	2011-10-17	1.222090	8.182680e+4	30.690	25.280	38.140	25.280	25.280	30.690	25.280	30.690	1.080	0.000000	31.30	25.28	0.00	35
SU	2011-10-14	1.229570	8.132910e+4	29.950	25.280	39.200	25.280	25.280	29.610	25.280	29.950	1.570	0.000000	30.56	25.28	0.00	36
SU	2011-10-13	1.211650	8.253180e+4	29.950	25.280	39.440	25.280	25.280	29.610	25.280	29.950	0.760	0.000000	30.56	25.28	0.00	37
SU	2011-10-12	1.235430	8.094380e+4	29.950	25.280	39.440	25.280	25.280	28.850	25.280	29.950	1.090	0.000000	30.57	25.28	0.00	38
SU	2011-10-11	1.243080	8.044540e+4	29.950	25.280	39.440	25.280	25.280	28.690	25.280	29.950	1.070	0.000000	30.57	25.28	0.00	39
SU	2011-10-07	1.252190	7.986020e+4	29.950	25.280	39.440	25.280	25.280	28.690	25.280	29.950	1.090	0.000000	30.58	25.28	0.00	40
SU	2011-10-06	1.260730	7.931940e+4	30.410	25.280	39.440	25.280	25.280	28.380	25.280	30.410	1.320	0.000000	31.04	25.28	0.00	41
SU	2011-10-05	1.257610	7.951620e+4	30.410	25.280	39.440	25.280	25.280	28.380	25.280	30.410	2.420	0.000000	31.04	25.28	0.00	42
SU	2011-10-04	1.196430	8.358220e+4	30.410	25.280	39.440	25.280	25.280	28.890	25.280	30.410	1.540	0.000000	31.01	25.28	0.00	43
SU	2011-10-03	1.178340	8.486490e+4	30.410	26.210	39.440	26.210	26.210	29.400	26.210	30.410	1.650	0.000000	31.00	26.21	0.00	44
SU	2011-09-30	1.153520	8.669120e+4	31.000	26.210	39.440	26.210	26.210	29.630	26.210	31.000	1.130	0.000000	31.58	26.21	0.00	45
SU	2011-09-29	1.154760	8.659820e+4	31.380	26.210	39.440	26.210	26.210	29.950	26.210	31.380	1.080	0.000000	31.96	26.21	0.00	46
SU	2011-09-28	1.158690	8.630420e+4	31.380	26.210	39.440	26.210	26.210	29.950	26.210	31.380	1.580	0.000000	31.96	26.21	0.00	47
SU	2011-09-27	1.136520	8.798800e+4	31.380	26.210	39.440	26.210	26.210	29.950	26.210	31.380	1.590	0.000000	31.95	26.21	0.00	48
SU	2011-09-26	1.112650	8.987540e+4	31.380	26.210	39.440	26.210	26.210	29.950	26.210	31.380	1.720	0.000000	31.94	26.21	0.00	49
SU	2011-09-23	1.080690	9.253390e+4	31.380	26.210	39.440	26.210	26.210	29.950	26.210	31.380	0.890	0.000000	31.92	26.21	0.00	50
SU	2011-09-22	1.090720	9.168240e+4	31.380	28.130	39.440	28.130	28.130	30.410	28.130	31.380	2.350	0.000000	31.93	28.13	0.00	51
SU	2011-09-21	1.024440	9.761400e+4	31.380	28.510	39.440	28.510	28.510	30.410	28.510	31.380	1.110	0.000000	31.89	28.51	0.00	52
SU	2011-09-20	1.019940	9.804490e+4	31.380	28.510	39.440	28.510	28.510	30.410	28.510	31.380	1.150	0.000000	31.89	28.51	0.00	53
SU	2011-09-19	1.013100	9.870740e+4	31.380	28.510	39.440	28.510	28.510	30.410	28.510	31.380	0.820	0.000000	31.89	28.51	0.00	54
