#Header line 	date 	volatility 	unit 		brkh20 	brkl20 	brkh55 	brkl55 	low10 	high10 	low20 	high20 	truerng	ignore20	add 	sellall	normalizedprice
TAXI	2011-12-02	0.405906	2.463620e+5	12.030	11.120	12.030	8.910	11.120	11.780	11.120	12.030	0.140	0.000000	12.23	11.12	0.00	1
TAXI	2011-12-01	0.419901	2.381510e+5	12.030	11.120	12.030	8.910	11.120	11.780	11.120	12.030	0.280	0.000000	12.24	11.12	0.00	2
TAXI	2011-11-30	0.427265	2.340470e+5	12.030	11.120	12.030	8.910	11.120	11.780	11.120	12.030	0.290	0.000000	12.24	11.12	0.00	3
TAXI	2011-11-29	0.434489	2.301550e+5	12.030	11.120	12.030	8.910	11.120	11.780	11.120	12.030	0.320	0.000000	12.25	11.12	0.00	4
TAXI	2011-11-28	0.440515	2.270070e+5	12.030	11.120	12.030	8.910	11.120	11.760	11.120	12.030	0.660	0.000000	12.25	11.12	0.00	5
TAXI	2011-11-25	0.428963	2.331200e+5	12.030	11.120	12.030	8.910	11.120	11.760	11.120	12.030	0.340	0.000000	12.24	11.12	0.00	6
TAXI	2011-11-23	0.433645	2.306030e+5	12.030	11.130	12.030	8.910	11.320	11.760	11.130	12.030	0.660	0.000000	12.25	11.13	0.00	7
TAXI	2011-11-22	0.421732	2.371170e+5	12.030	10.820	12.030	8.910	11.320	11.780	10.820	12.030	0.190	0.000000	12.24	10.82	0.00	8
TAXI	2011-11-21	0.433928	2.304530e+5	12.030	10.820	12.030	8.910	11.320	11.780	10.820	12.030	0.310	0.000000	12.25	10.82	0.00	9
TAXI	2011-11-18	0.440451	2.270400e+5	12.030	10.670	12.030	8.910	11.320	11.780	10.670	12.030	0.360	0.000000	12.25	10.67	0.00	10
TAXI	2011-11-17	0.444685	2.248780e+5	12.030	10.290	12.030	8.910	11.320	12.030	10.290	12.030	0.300	0.000000	12.25	10.29	0.00	11
TAXI	2011-11-16	0.452300	2.210920e+5	12.030	10.070	12.030	8.910	11.320	12.030	10.070	12.030	0.390	0.000000	12.26	10.07	0.00	12
TAXI	2011-11-15	0.455579	2.195010e+5	12.030	10.070	12.030	8.910	11.320	12.030	10.070	12.030	0.420	0.000000	12.26	10.07	0.00	13
TAXI	2011-11-14	0.457452	2.186020e+5	12.030	10.070	12.030	8.910	11.320	12.030	10.070	12.030	0.270	0.000000	12.26	10.07	0.00	14
TAXI	2011-11-11	0.467318	2.139870e+5	12.030	10.070	12.030	8.910	11.320	12.030	10.070	12.030	0.410	0.000000	12.26	10.07	0.00	15
TAXI	2011-11-10	0.470334	2.126150e+5	12.030	10.070	12.030	8.910	11.320	12.030	10.070	12.030	0.460	0.000000	12.27	10.07	0.00	16
TAXI	2011-11-09	0.470878	2.123690e+5	12.030	10.030	12.030	8.910	11.130	12.030	10.030	12.030	0.470	0.000000	12.27	10.03	0.00	17
TAXI	2011-11-08	0.470924	2.123480e+5	12.030	10.030	12.030	8.910	10.820	12.030	10.030	12.030	0.580	0.000000	12.27	10.03	0.00	18
TAXI	2011-11-07	0.465184	2.149690e+5	12.030	9.980	12.030	8.910	10.820	12.030	9.980	12.030	1.050	0.000000	12.26	9.98	0.00	19
TAXI	2011-11-04	0.434404	2.302010e+5	12.030	9.510	12.030	8.910	10.670	12.030	9.510	12.030	0.540	0.000000	12.25	9.51	0.00	20
TAXI	2011-11-03	0.428846	2.331840e+5	12.030	9.510	12.030	8.910	10.290	12.030	9.510	12.030	0.180	0.000000	12.24	9.51	0.00	21
TAXI	2011-11-02	0.441943	2.262730e+5	11.900	9.510	11.900	8.910	10.070	11.900	9.510	11.900	0.370	0.000000	12.12	9.51	0.00	22
TAXI	2011-11-01	0.445730	2.243510e+5	11.900	9.510	11.900	8.910	10.070	11.900	9.510	11.900	0.570	0.000000	12.12	9.51	0.00	23
TAXI	2011-10-31	0.439189	2.276920e+5	11.660	8.910	11.660	8.910	10.070	11.660	8.910	11.660	0.770	0.000000	11.88	8.91	0.00	24
TAXI	2011-10-28	0.421778	2.370910e+5	11.660	8.910	11.660	8.910	10.070	11.660	8.910	11.660	0.290	0.000000	11.87	8.91	0.00	25
TAXI	2011-10-27	0.428714	2.332560e+5	11.130	8.910	11.130	8.910	10.070	11.130	8.910	11.130	0.580	0.000000	11.34	8.91	0.00	26
TAXI	2011-10-26	0.420751	2.376700e+5	11.110	8.910	11.110	8.910	10.030	11.110	8.910	11.110	0.440	0.000000	11.32	8.91	0.00	27
TAXI	2011-10-25	0.419738	2.382440e+5	11.110	8.910	11.110	8.910	10.030	11.110	8.910	11.110	0.290	0.000000	11.32	8.91	0.00	28
TAXI	2011-10-24	0.426567	2.344300e+5	10.670	8.910	10.670	8.910	9.980	10.670	8.910	10.670	0.530	0.000000	10.88	8.91	0.00	29
TAXI	2011-10-21	0.421123	2.374600e+5	10.550	8.910	10.550	8.910	9.510	10.550	8.910	10.550	0.670	0.000000	10.76	8.91	0.00	30
TAXI	2011-10-20	0.408024	2.450840e+5	10.550	8.910	10.550	8.910	9.510	10.550	8.910	10.550	0.320	0.000000	10.75	8.91	0.00	31
TAXI	2011-10-19	0.412657	2.423320e+5	10.550	8.910	10.550	8.910	9.510	10.550	8.910	10.550	0.500	0.000000	10.76	8.91	0.00	32
TAXI	2011-10-18	0.408060	2.450620e+5	10.370	8.910	10.370	8.910	9.510	10.370	8.910	10.370	0.460	0.000000	10.57	8.91	0.00	33
TAXI	2011-10-17	0.405326	2.467150e+5	10.370	8.910	10.370	8.910	8.910	10.370	8.910	10.370	0.340	0.000000	10.57	8.91	0.00	34
TAXI	2011-10-14	0.408764	2.446400e+5	10.140	8.910	10.140	8.910	8.910	10.140	8.910	10.140	0.360	0.000000	10.34	8.91	0.00	35
TAXI	2011-10-13	0.411331	2.431130e+5	10.080	8.910	10.080	8.910	8.910	10.080	8.910	10.080	0.380	0.000000	10.29	8.91	0.00	36
TAXI	2011-10-12	0.412980	2.421430e+5	10.080	8.910	10.080	8.910	8.910	10.080	8.910	10.080	0.190	0.000000	10.29	8.91	0.00	37
TAXI	2011-10-11	0.424716	2.354520e+5	9.980	8.910	9.980	8.910	8.910	9.980	8.910	9.980	0.360	0.000000	10.19	8.91	0.00	38
TAXI	2011-10-10	0.428122	2.335780e+5	9.880	8.910	9.980	8.910	8.910	9.760	8.910	9.880	0.540	0.000000	10.09	8.91	0.00	39
TAXI	2011-10-07	0.422233	2.368360e+5	9.880	8.910	9.980	8.910	8.910	9.760	8.910	9.880	0.380	0.000000	10.09	8.91	0.00	40
TAXI	2011-10-06	0.424456	2.355960e+5	9.880	8.910	9.980	8.910	8.910	9.680	8.910	9.880	0.250	0.000000	10.09	8.91	0.00	41
TAXI	2011-10-05	0.433638	2.306070e+5	9.880	8.910	9.980	8.910	8.910	9.680	8.910	9.880	0.460	0.000000	10.10	8.91	0.00	42
TAXI	2011-10-04	0.432251	2.313470e+5	9.880	8.910	9.980	8.910	8.910	9.680	8.910	9.880	1.000	0.000000	10.10	8.91	0.00	43
TAXI	2011-10-03	0.402369	2.485280e+5	9.880	9.250	9.980	9.010	9.280	9.680	9.250	9.880	0.470	0.000000	10.08	9.25	0.00	44
TAXI	2011-09-30	0.398810	2.507460e+5	9.880	9.250	9.980	9.010	9.280	9.880	9.250	9.880	0.360	0.000000	10.08	9.25	0.00	45
TAXI	2011-09-29	0.400852	2.494680e+5	9.880	9.250	9.980	9.010	9.280	9.880	9.250	9.880	0.460	0.000000	10.08	9.25	0.00	46
TAXI	2011-09-28	0.397739	2.514210e+5	9.880	9.250	9.980	9.010	9.290	9.880	9.250	9.880	0.500	0.000000	10.08	9.25	0.00	47
TAXI	2011-09-27	0.392357	2.548700e+5	9.880	9.250	9.980	9.010	9.290	9.880	9.250	9.880	0.480	0.000000	10.08	9.25	0.00	48
TAXI	2011-09-26	0.387744	2.579020e+5	9.880	9.110	10.130	9.010	9.250	9.880	9.110	9.880	0.430	0.000000	10.07	9.11	0.00	49
TAXI	2011-09-23	0.385520	2.593900e+5	9.880	9.100	10.130	9.010	9.250	9.880	9.100	9.880	0.420	0.000000	10.07	9.10	0.00	50
TAXI	2011-09-22	0.383706	2.606160e+5	9.880	9.100	10.130	9.010	9.250	9.880	9.100	9.880	0.600	0.000000	10.07	9.10	0.00	51
TAXI	2011-09-21	0.372322	2.685850e+5	9.880	9.100	10.130	9.010	9.250	9.880	9.100	9.880	0.540	0.000000	10.07	9.10	0.00	52
TAXI	2011-09-20	0.363497	2.751060e+5	9.880	9.100	10.130	9.010	9.250	9.880	9.100	9.880	0.530	0.000000	10.06	9.10	0.00	53
TAXI	2011-09-19	0.354733	2.819020e+5	9.880	9.010	10.130	9.010	9.250	9.880	9.010	9.880	0.370	0.000000	10.06	9.01	0.00	54
