#Header line 	date 	volatility 	unit 		brkh20 	brkl20 	brkh55 	brkl55 	low10 	high10 	low20 	high20 	truerng	ignore20	add 	sellall	normalizedprice
BHP	2011-12-01	2.713240	3.685630e+4	80.070	66.320	83.600	64.420	66.320	75.170	66.320	80.070	1.830	0.000000	81.43	66.32	0.00	1
BHP	2011-11-30	2.759730	3.623550e+4	80.070	66.320	83.600	64.420	66.320	76.060	66.320	80.070	5.680	0.000000	81.45	66.32	0.00	2
BHP	2011-11-29	2.606030	3.837260e+4	80.070	66.320	83.600	64.420	66.320	76.060	66.320	80.070	1.250	0.000000	81.37	66.32	0.00	3
BHP	2011-11-28	2.677400	3.734970e+4	83.150	66.320	83.600	64.420	66.320	77.860	66.320	83.150	4.180	0.000000	84.49	66.32	0.00	4
BHP	2011-11-25	2.598310	3.848650e+4	83.600	66.930	83.600	64.420	66.930	77.860	66.930	83.600	1.170	0.000000	84.90	66.93	0.00	5
BHP	2011-11-23	2.673490	3.740430e+4	83.600	69.370	83.600	64.420	69.370	77.860	69.370	83.600	2.540	0.000000	84.94	69.37	0.00	6
BHP	2011-11-22	2.680510	3.730630e+4	83.600	69.820	83.600	64.420	69.820	80.070	69.820	83.600	1.390	0.000000	84.94	69.82	0.00	7
BHP	2011-11-21	2.748430	3.638440e+4	83.600	71.920	83.600	64.420	71.920	80.070	71.920	83.600	3.270	0.000000	84.97	71.92	0.00	8
BHP	2011-11-18	2.720980	3.675140e+4	83.600	72.230	84.380	64.420	72.230	80.070	72.230	83.600	1.160	0.000000	84.96	72.23	0.00	9
BHP	2011-11-17	2.803140	3.567430e+4	83.600	72.640	85.170	64.420	73.970	80.070	72.640	83.600	2.300	0.000000	85.00	72.64	0.00	10
BHP	2011-11-16	2.829620	3.534040e+4	83.600	72.640	85.170	64.420	75.090	80.070	72.640	83.600	2.180	0.000000	85.01	72.64	0.00	11
BHP	2011-11-15	2.863810	3.491850e+4	83.600	72.640	85.170	64.420	75.090	80.070	72.640	83.600	1.410	0.000000	85.03	72.64	0.00	12
BHP	2011-11-14	2.940330	3.400980e+4	83.600	72.640	85.170	64.420	75.090	80.070	72.640	83.600	2.510	0.000000	85.07	72.64	0.00	13
BHP	2011-11-11	2.962980	3.374980e+4	83.600	72.640	85.170	64.420	75.090	83.150	72.640	83.600	2.010	0.000000	85.08	72.64	0.00	14
BHP	2011-11-10	3.013130	3.318800e+4	83.600	72.640	85.170	64.420	75.090	83.600	72.640	83.600	2.080	0.000000	85.11	72.64	0.00	15
BHP	2011-11-09	3.062250	3.265580e+4	83.600	72.640	85.170	64.420	75.600	83.600	72.640	83.600	5.130	0.000000	85.13	72.64	0.00	16
BHP	2011-11-08	2.953420	3.385910e+4	83.600	72.640	85.170	64.420	75.600	83.600	72.640	83.600	1.400	0.000000	85.08	72.64	0.00	17
BHP	2011-11-07	3.035170	3.294700e+4	83.600	72.640	85.170	64.420	75.600	83.600	72.640	83.600	1.640	0.000000	85.12	72.64	0.00	18
BHP	2011-11-04	3.108610	3.216880e+4	83.600	71.530	85.170	64.420	75.070	83.600	71.530	83.600	2.110	0.000000	85.15	71.53	0.00	19
BHP	2011-11-03	3.161160	3.163390e+4	83.600	71.530	85.170	64.420	72.640	83.600	71.530	83.600	2.440	0.000000	85.18	71.53	0.00	20
BHP	2011-11-02	3.199120	3.125860e+4	83.600	69.360	85.170	64.420	72.640	83.600	69.360	83.600	2.350	0.000000	85.20	69.36	0.00	21
BHP	2011-11-01	3.243810	3.082790e+4	83.600	67.010	85.170	64.420	72.640	83.600	67.010	83.600	3.990	0.000000	85.22	67.01	0.00	22
BHP	2011-10-31	3.204540	3.120580e+4	83.600	64.420	85.170	64.420	72.640	83.600	64.420	83.600	5.070	0.000000	85.20	64.42	0.00	23
BHP	2011-10-28	3.106350	3.219210e+4	83.600	64.420	85.170	64.420	72.640	83.600	64.420	83.600	1.590	0.000000	85.15	64.42	0.00	24
BHP	2011-10-27	3.186160	3.138570e+4	79.390	64.420	85.170	64.420	72.640	79.390	64.420	79.390	6.330	0.000000	80.98	64.42	0.00	25
BHP	2011-10-26	3.020700	3.310490e+4	79.390	64.420	85.170	64.420	72.640	79.390	64.420	79.390	2.400	0.000000	80.90	64.42	0.00	26
BHP	2011-10-25	3.053370	3.275070e+4	79.390	64.420	85.170	64.420	72.640	79.390	64.420	79.390	3.640	0.000000	80.92	64.42	0.00	27
BHP	2011-10-24	3.022490	3.308530e+4	77.700	64.420	85.170	64.420	72.640	77.700	64.420	77.700	4.520	0.000000	79.21	64.42	0.00	28
BHP	2011-10-21	2.943670	3.397120e+4	77.700	64.420	85.170	64.420	71.530	77.700	64.420	77.700	2.670	0.000000	79.17	64.42	0.00	29
BHP	2011-10-20	2.958080	3.380570e+4	77.700	64.420	86.710	64.420	71.530	77.700	64.420	77.700	2.390	0.000000	79.18	64.42	0.00	30
BHP	2011-10-19	2.987980	3.346750e+4	77.700	64.420	87.550	64.420	69.360	77.700	64.420	77.700	3.430	0.000000	79.19	64.42	0.00	31
BHP	2011-10-18	2.964710	3.373010e+4	77.700	64.420	90.720	64.420	67.010	77.700	64.420	77.700	4.020	0.000000	79.18	64.42	0.00	32
BHP	2011-10-17	2.909170	3.437410e+4	77.700	64.420	91.550	64.420	64.420	77.700	64.420	77.700	3.310	0.000000	79.15	64.42	0.00	33
BHP	2011-10-14	2.888070	3.462510e+4	78.860	64.420	92.220	64.420	64.420	76.190	64.420	78.860	1.740	0.000000	80.30	64.42	0.00	34
BHP	2011-10-13	2.948500	3.391560e+4	78.860	64.420	92.910	64.420	64.420	76.190	64.420	78.860	2.000	0.000000	80.33	64.42	0.00	35
BHP	2011-10-12	2.998420	3.335090e+4	78.860	64.420	94.350	64.420	64.420	75.180	64.420	78.860	3.620	0.000000	80.36	64.42	0.00	36
BHP	2011-10-11	2.965710	3.371880e+4	78.860	64.420	94.350	64.420	64.420	75.180	64.420	78.860	2.250	0.000000	80.34	64.42	0.00	37
BHP	2011-10-10	3.003370	3.329590e+4	78.860	64.420	94.350	64.420	64.420	71.790	64.420	78.860	3.690	0.000000	80.36	64.42	0.00	38
BHP	2011-10-07	2.967240	3.370140e+4	78.860	64.420	94.800	64.420	64.420	71.790	64.420	78.860	3.010	0.000000	80.34	64.42	0.00	39
BHP	2011-10-06	2.964990	3.372700e+4	80.490	64.420	94.800	64.420	64.420	71.020	64.420	80.490	2.850	0.000000	81.97	64.42	0.00	40
BHP	2011-10-05	2.971040	3.365830e+4	82.680	64.420	94.800	64.420	64.420	71.960	64.420	82.680	2.500	0.000000	84.17	64.42	0.00	41
BHP	2011-10-04	2.995830	3.337970e+4	82.680	64.420	94.800	64.420	64.420	75.590	64.420	82.680	4.550	0.000000	84.18	64.42	0.00	42
BHP	2011-10-03	2.914030	3.431670e+4	82.680	66.440	94.800	66.440	66.440	76.390	66.440	82.680	2.560	0.000000	84.14	66.44	0.00	43
BHP	2011-09-30	2.932660	3.409870e+4	84.380	67.280	94.800	67.280	67.280	78.860	67.280	84.380	2.180	0.000000	85.85	67.28	0.00	44
BHP	2011-09-29	2.972280	3.364420e+4	85.170	67.280	94.800	67.280	67.280	78.860	67.280	85.170	3.210	0.000000	86.66	67.28	0.00	45
BHP	2011-09-28	2.959770	3.378650e+4	85.170	67.280	94.800	67.280	67.280	78.860	67.280	85.170	3.400	0.000000	86.65	67.28	0.00	46
BHP	2011-09-27	2.936600	3.405300e+4	85.170	67.280	94.800	67.280	67.280	78.860	67.280	85.170	3.710	0.000000	86.64	67.28	0.00	47
BHP	2011-09-26	2.895890	3.453170e+4	85.170	67.280	95.840	67.280	67.280	78.860	67.280	85.170	3.230	0.000000	86.62	67.28	0.00	48
BHP	2011-09-23	2.878310	3.474270e+4	85.170	67.280	96.800	67.280	67.280	78.860	67.280	85.170	2.210	0.000000	86.61	67.28	0.00	49
BHP	2011-09-22	2.913480	3.432320e+4	85.170	71.960	96.800	71.880	71.960	80.490	71.960	85.170	6.140	0.000000	86.63	71.96	0.00	50
BHP	2011-09-21	2.743660	3.644760e+4	85.170	75.590	96.800	71.880	75.590	82.680	75.590	85.170	3.660	0.000000	86.54	75.59	0.00	51
BHP	2011-09-20	2.695430	3.709980e+4	85.170	76.390	96.800	71.880	76.390	82.680	76.390	85.170	1.710	0.000000	86.52	76.39	0.00	52
BHP	2011-09-19	2.747300	3.639940e+4	85.170	76.830	96.800	71.880	76.830	82.680	76.830	85.170	4.110	0.000000	86.54	76.83	0.00	53
