#Header line 	date 	volatility 	unit 		brkh20 	brkl20 	brkh55 	brkl55 	low10 	high10 	low20 	high20 	truerng	ignore20	add 	sellall	normalizedprice
COF	2011-12-01	1.599660	6.251310e+4	46.850	39.850	47.070	37.750	39.850	44.660	39.850	46.850	0.820	0.000000	47.65	39.85	0.00	1
COF	2011-11-30	1.640700	6.094960e+4	46.850	39.850	47.070	37.750	39.850	43.680	39.850	46.850	3.180	0.000000	47.67	39.85	0.00	2
COF	2011-11-29	1.559680	6.411560e+4	46.850	39.850	47.070	37.750	39.850	43.810	39.850	46.850	0.560	0.000000	47.63	39.85	0.00	3
COF	2011-11-28	1.612300	6.202320e+4	46.900	39.850	47.070	37.750	39.850	45.020	39.850	46.900	1.860	0.000000	47.71	39.85	0.00	4
COF	2011-11-25	1.599260	6.252890e+4	47.070	39.850	47.070	37.750	39.850	45.020	39.850	47.070	0.800	0.000000	47.87	39.85	0.00	5
COF	2011-11-23	1.641330	6.092630e+4	47.070	40.770	47.070	37.750	40.770	45.020	40.770	47.070	1.470	0.000000	47.89	40.77	0.00	6
COF	2011-11-22	1.650350	6.059340e+4	47.070	40.980	47.070	37.750	40.980	46.850	40.980	47.070	0.850	0.000000	47.90	40.98	0.00	7
COF	2011-11-21	1.692470	5.908530e+4	47.070	41.210	47.070	37.750	41.210	46.850	41.210	47.070	1.640	0.000000	47.92	41.21	0.00	8
COF	2011-11-18	1.695230	5.898900e+4	47.070	41.210	47.070	37.750	41.210	46.850	41.210	47.070	0.730	0.000000	47.92	41.21	0.00	9
COF	2011-11-17	1.746030	5.727270e+4	47.070	40.490	47.070	37.750	42.070	46.850	40.490	47.070	1.520	0.000000	47.94	40.49	0.00	10
COF	2011-11-16	1.757930	5.688510e+4	47.070	39.750	47.070	37.750	43.680	46.850	39.750	47.070	1.640	0.000000	47.95	39.75	0.00	11
COF	2011-11-15	1.764140	5.668500e+4	47.070	39.750	47.070	37.750	43.770	46.850	39.750	47.070	1.340	0.000000	47.95	39.75	0.00	12
COF	2011-11-14	1.786460	5.597670e+4	47.070	39.750	47.070	37.750	43.770	46.850	39.750	47.070	1.660	0.000000	47.96	39.75	0.00	13
COF	2011-11-11	1.793110	5.576890e+4	47.070	39.750	47.070	37.750	43.770	46.900	39.750	47.070	0.960	0.000000	47.97	39.75	0.00	14
COF	2011-11-10	1.836960	5.443770e+4	47.070	39.750	47.070	37.750	43.770	47.070	39.750	47.070	1.100	0.000000	47.99	39.75	0.00	15
COF	2011-11-09	1.875750	5.331200e+4	47.070	39.750	47.070	37.750	43.770	47.070	39.750	47.070	2.700	0.000000	48.01	39.75	0.00	16
COF	2011-11-08	1.832370	5.457420e+4	47.070	39.750	47.070	37.750	43.410	47.070	39.750	47.070	1.340	0.000000	47.99	39.75	0.00	17
COF	2011-11-07	1.858280	5.381320e+4	47.070	39.750	47.070	37.750	43.410	47.070	39.750	47.070	1.070	0.000000	48.00	39.75	0.00	18
COF	2011-11-04	1.899770	5.263790e+4	47.070	39.750	47.070	37.750	43.290	47.070	39.750	47.070	1.060	0.000000	48.02	39.75	0.00	19
COF	2011-11-03	1.943970	5.144120e+4	47.070	39.750	47.070	37.750	40.490	47.070	39.750	47.070	2.260	0.000000	48.04	39.75	0.00	20
COF	2011-11-02	1.927340	5.188510e+4	47.070	39.420	47.070	37.750	39.750	47.070	39.420	47.070	1.830	0.000000	48.03	39.42	0.00	21
COF	2011-11-01	1.932460	5.174760e+4	47.070	38.800	47.070	37.750	39.750	47.070	38.800	47.070	2.010	0.000000	48.04	38.80	0.00	22
COF	2011-10-31	1.928380	5.185710e+4	47.070	37.750	47.070	37.750	39.750	47.070	37.750	47.070	1.240	0.000000	48.03	37.75	0.00	23
COF	2011-10-28	1.964610	5.090080e+4	47.070	37.750	47.070	37.750	39.750	47.070	37.750	47.070	1.030	0.000000	48.05	37.75	0.00	24
COF	2011-10-27	2.013800	4.965740e+4	45.440	37.750	46.050	37.750	39.750	45.440	37.750	45.440	2.710	0.000000	46.45	37.75	0.00	25
COF	2011-10-26	1.977160	5.057770e+4	45.440	37.750	46.050	37.750	39.750	45.440	37.750	45.440	1.450	0.000000	46.43	37.75	0.00	26
COF	2011-10-25	2.004900	4.987780e+4	45.440	37.750	46.050	37.630	39.750	45.440	37.750	45.440	2.330	0.000000	46.44	37.75	0.00	27
COF	2011-10-24	1.987790	5.030710e+4	43.440	37.750	46.050	37.630	39.750	43.440	37.750	43.440	2.770	0.000000	44.43	37.75	0.00	28
COF	2011-10-21	1.946620	5.137110e+4	43.440	37.750	46.050	37.630	39.750	43.440	37.750	43.440	3.000	0.000000	44.41	37.75	0.00	29
COF	2011-10-20	1.891180	5.287700e+4	43.440	37.750	46.050	37.630	39.750	43.440	37.750	43.440	1.450	0.000000	44.39	37.75	0.00	30
COF	2011-10-19	1.914400	5.223570e+4	43.440	37.750	46.050	37.630	39.420	43.440	37.750	43.440	1.950	0.000000	44.40	37.75	0.00	31
COF	2011-10-18	1.912530	5.228690e+4	43.440	37.750	47.120	37.630	38.800	43.440	37.750	43.440	1.470	0.000000	44.40	37.75	0.00	32
COF	2011-10-17	1.935820	5.165780e+4	43.440	37.750	47.800	37.630	37.750	43.440	37.750	43.440	1.920	0.000000	44.41	37.75	0.00	33
COF	2011-10-14	1.936650	5.163560e+4	43.440	37.750	47.800	37.630	37.750	43.440	37.750	43.440	1.710	0.000000	44.41	37.75	0.00	34
COF	2011-10-13	1.948580	5.131950e+4	43.460	37.750	47.800	37.630	37.750	43.440	37.750	43.460	2.110	0.000000	44.43	37.75	0.00	35
COF	2011-10-12	1.940080	5.154420e+4	43.520	37.750	48.840	37.630	37.750	42.520	37.750	43.520	1.800	0.000000	44.49	37.75	0.00	36
COF	2011-10-11	1.947460	5.134910e+4	43.520	37.750	48.880	37.630	37.750	42.430	37.750	43.520	1.780	0.000000	44.49	37.75	0.00	37
COF	2011-10-10	1.956270	5.111770e+4	43.520	37.750	49.640	37.630	37.750	42.870	37.750	43.520	2.120	0.000000	44.50	37.75	0.00	38
COF	2011-10-07	1.947650	5.134390e+4	43.520	37.750	50.000	37.630	37.750	42.870	37.750	43.520	2.220	0.000000	44.49	37.75	0.00	39
COF	2011-10-06	1.933320	5.172460e+4	43.520	37.750	50.000	37.630	37.750	42.870	37.750	43.520	2.110	0.000000	44.49	37.75	0.00	40
COF	2011-10-05	1.924020	5.197460e+4	44.050	37.750	50.000	37.630	37.750	42.870	37.750	44.050	1.810	0.000000	45.01	37.75	0.00	41
COF	2011-10-04	1.930020	5.181300e+4	44.050	37.750	50.000	37.630	37.750	42.870	37.750	44.050	2.660	0.000000	45.02	37.75	0.00	42
COF	2011-10-03	1.891600	5.286530e+4	44.050	39.630	50.000	37.630	39.630	42.870	39.630	44.050	2.490	0.000000	45.00	39.63	0.00	43
COF	2011-09-30	1.860100	5.376040e+4	45.300	40.800	50.000	37.630	40.800	42.970	40.800	45.300	1.410	0.000000	46.23	40.80	0.00	44
COF	2011-09-29	1.883790	5.308440e+4	46.050	40.800	50.870	37.630	40.800	43.460	40.800	46.050	2.190	0.000000	46.99	40.80	0.00	45
COF	2011-09-28	1.867680	5.354240e+4	46.050	40.800	52.240	37.630	40.800	43.520	40.800	46.050	1.920	0.000000	46.98	40.80	0.00	46
COF	2011-09-27	1.864920	5.362150e+4	46.050	40.800	52.240	37.630	40.800	43.520	40.800	46.050	3.090	0.000000	46.98	40.80	0.00	47
COF	2011-09-26	1.800450	5.554180e+4	46.050	40.800	53.710	37.630	40.800	43.520	40.800	46.050	2.140	0.000000	46.95	40.80	0.00	48
COF	2011-09-23	1.782570	5.609860e+4	46.050	40.800	54.310	37.630	40.800	43.520	40.800	46.050	1.030	0.000000	46.94	40.80	0.00	49
COF	2011-09-22	1.822180	5.487920e+4	46.050	41.390	54.310	37.630	41.390	43.520	41.390	46.050	2.120	0.000000	46.96	41.39	0.00	50
COF	2011-09-21	1.806510	5.535540e+4	46.050	41.730	54.310	37.630	41.780	44.050	41.730	46.050	1.850	0.000000	46.95	41.73	0.00	51
COF	2011-09-20	1.804220	5.542560e+4	46.050	41.130	54.310	37.630	41.730	44.050	41.130	46.050	1.140	0.000000	46.95	41.13	0.00	52
COF	2011-09-19	1.839180	5.437210e+4	46.050	41.130	54.310	37.630	41.730	44.050	41.130	46.050	1.480	0.000000	46.97	41.13	0.00	53
