#Header line 	date 	volatility 	unit 		brkh20 	brkl20 	brkh55 	brkl55 	low10 	high10 	low20 	high20 	truerng	ignore20	add 	sellall	normalizedprice
EMR	2011-12-01	1.590580	6.287010e+4	52.250	47.060	52.250	40.690	47.060	52.250	47.060	52.250	0.900	0.000000	53.05	47.06	0.00	1
EMR	2011-11-30	1.626930	6.146560e+4	52.130	47.060	52.130	40.690	47.060	51.390	47.060	52.130	3.190	0.000000	52.94	47.06	0.00	2
EMR	2011-11-29	1.544660	6.473920e+4	52.130	47.060	52.130	40.690	47.060	51.390	47.060	52.130	0.920	0.000000	52.90	47.06	0.00	3
EMR	2011-11-28	1.577540	6.339000e+4	52.130	47.060	52.130	40.690	47.060	51.390	47.060	52.130	2.420	0.000000	52.92	47.06	0.00	4
EMR	2011-11-25	1.533200	6.522320e+4	52.130	47.060	52.130	40.690	47.060	51.390	47.060	52.130	0.940	0.000000	52.90	47.06	0.00	5
EMR	2011-11-23	1.564420	6.392160e+4	52.130	47.150	52.130	40.690	48.310	51.390	47.150	52.130	1.250	0.000000	52.91	47.15	0.00	6
EMR	2011-11-22	1.580970	6.325250e+4	52.130	46.520	52.130	40.690	48.900	52.130	46.520	52.130	0.920	0.000000	52.92	46.52	0.00	7
EMR	2011-11-21	1.615750	6.189060e+4	52.130	46.520	52.130	40.690	49.560	52.130	46.520	52.130	1.750	0.000000	52.94	46.52	0.00	8
EMR	2011-11-18	1.608690	6.216250e+4	52.130	46.520	52.130	40.690	49.560	52.130	46.520	52.130	0.850	0.000000	52.93	46.52	0.00	9
EMR	2011-11-17	1.648620	6.065680e+4	52.130	46.480	52.130	40.690	50.110	52.130	46.480	52.130	1.460	0.000000	52.95	46.48	0.00	10
EMR	2011-11-16	1.658550	6.029380e+4	52.130	46.480	52.130	40.690	49.790	52.130	46.480	52.130	1.170	0.000000	52.96	46.48	0.00	11
EMR	2011-11-15	1.684260	5.937330e+4	52.130	46.480	52.130	40.690	48.310	52.130	46.480	52.130	1.420	0.000000	52.97	46.48	0.00	12
EMR	2011-11-14	1.698170	5.888700e+4	52.130	45.920	52.130	40.690	48.120	52.130	45.920	52.130	1.010	0.000000	52.98	45.92	0.00	13
EMR	2011-11-11	1.734390	5.765730e+4	52.130	45.920	52.130	40.690	48.120	52.130	45.920	52.130	1.390	0.000000	53.00	45.92	0.00	14
EMR	2011-11-10	1.752510	5.706090e+4	52.130	45.920	52.130	40.690	48.120	52.130	45.920	52.130	0.950	0.000000	53.01	45.92	0.00	15
EMR	2011-11-09	1.794750	5.571810e+4	52.130	45.920	52.130	40.690	47.150	52.130	45.920	52.130	2.400	0.000000	53.03	45.92	0.00	16
EMR	2011-11-08	1.762890	5.672490e+4	51.820	45.660	51.820	40.690	46.520	51.820	45.660	51.820	1.590	0.000000	52.70	45.66	0.00	17
EMR	2011-11-07	1.771990	5.643360e+4	51.820	45.390	51.820	40.690	46.520	51.820	45.390	51.820	1.420	0.000000	52.71	45.39	0.00	18
EMR	2011-11-04	1.790520	5.584970e+4	51.820	44.010	51.820	40.690	46.520	51.820	44.010	51.820	1.330	0.000000	52.72	44.01	0.00	19
EMR	2011-11-03	1.814760	5.510380e+4	50.140	44.010	50.140	40.690	46.480	50.140	44.010	50.140	2.180	0.000000	51.05	44.01	0.00	20
EMR	2011-11-02	1.795530	5.569370e+4	50.140	43.270	50.140	40.690	46.480	50.140	43.270	50.140	1.760	0.000000	51.04	43.27	0.00	21
EMR	2011-11-01	1.797410	5.563580e+4	50.140	42.130	50.140	40.690	46.480	50.140	42.130	50.140	5.440	0.000000	51.04	42.13	0.00	22
EMR	2011-10-31	1.605690	6.227850e+4	50.140	40.690	50.140	40.690	45.920	50.140	40.690	50.140	1.490	0.000000	50.94	40.69	0.00	23
EMR	2011-10-28	1.611780	6.204330e+4	50.140	40.690	50.140	40.690	45.920	50.140	40.690	50.140	1.490	0.000000	50.95	40.69	0.00	24
EMR	2011-10-27	1.618190	6.179750e+4	47.790	40.690	47.790	40.690	45.920	47.790	40.690	47.790	3.550	0.000000	48.60	40.69	0.00	25
EMR	2011-10-26	1.516510	6.594070e+4	47.790	40.690	47.790	40.690	45.920	47.790	40.690	47.790	1.480	0.000000	48.55	40.69	0.00	26
EMR	2011-10-25	1.518440	6.585730e+4	47.790	40.690	47.790	40.690	45.660	47.790	40.690	47.790	1.430	0.000000	48.55	40.69	0.00	27
EMR	2011-10-24	1.523090	6.565600e+4	47.790	40.690	47.790	40.690	45.390	47.790	40.690	47.790	0.920	0.000000	48.55	40.69	0.00	28
EMR	2011-10-21	1.554830	6.431570e+4	47.790	40.690	47.790	40.690	44.010	47.790	40.690	47.790	0.970	0.000000	48.57	40.69	0.00	29
EMR	2011-10-20	1.585610	6.306710e+4	47.790	40.690	48.460	40.690	44.010	47.790	40.690	47.790	1.270	0.000000	48.58	40.69	0.00	30
EMR	2011-10-19	1.602220	6.241330e+4	47.790	40.690	48.460	40.690	43.270	47.790	40.690	47.790	1.410	0.000000	48.59	40.69	0.00	31
EMR	2011-10-18	1.612340	6.202170e+4	47.510	40.690	49.060	40.690	42.130	47.510	40.690	47.510	2.550	0.000000	48.32	40.69	0.00	32
EMR	2011-10-17	1.562990	6.397990e+4	47.510	40.690	49.090	40.690	40.690	47.510	40.690	47.510	1.790	0.000000	48.29	40.69	0.00	33
EMR	2011-10-14	1.551040	6.447280e+4	46.530	40.690	49.620	40.690	40.690	46.530	40.690	46.530	1.240	0.000000	47.31	40.69	0.00	34
EMR	2011-10-13	1.567410	6.379940e+4	46.530	40.690	50.430	40.690	40.690	46.530	40.690	46.530	0.690	0.000000	47.31	40.69	0.00	35
EMR	2011-10-12	1.613590	6.197350e+4	45.910	40.690	54.050	40.690	40.690	45.660	40.690	45.910	1.380	0.000000	46.72	40.69	0.00	36
EMR	2011-10-11	1.625890	6.150490e+4	45.910	40.690	55.280	40.690	40.690	45.390	40.690	45.910	0.930	0.000000	46.72	40.69	0.00	37
EMR	2011-10-10	1.662510	6.014990e+4	45.910	40.690	55.280	40.690	40.690	44.500	40.690	45.910	1.400	0.000000	46.74	40.69	0.00	38
EMR	2011-10-07	1.676330	5.965420e+4	45.910	40.690	55.970	40.690	40.690	44.500	40.690	45.910	1.260	0.000000	46.75	40.69	0.00	39
EMR	2011-10-06	1.698240	5.888450e+4	45.910	40.690	55.970	40.690	40.690	44.070	40.690	45.910	1.810	0.000000	46.76	40.69	0.00	40
EMR	2011-10-05	1.692360	5.908910e+4	45.910	40.690	55.970	40.690	40.690	44.070	40.690	45.910	1.610	0.000000	46.76	40.69	0.00	41
EMR	2011-10-04	1.696690	5.893820e+4	45.910	40.690	55.970	40.690	40.690	45.550	40.690	45.910	2.730	0.000000	46.76	40.69	0.00	42
EMR	2011-10-03	1.642310	6.088990e+4	45.910	41.310	55.970	41.310	41.310	45.550	41.310	45.910	1.550	0.000000	46.73	41.31	0.00	43
EMR	2011-09-30	1.647170	6.071030e+4	45.910	41.980	55.970	41.890	41.980	45.740	41.980	45.910	2.480	0.000000	46.73	41.98	0.00	44
EMR	2011-09-29	1.603330	6.237010e+4	46.550	41.980	56.060	41.890	41.980	45.910	41.980	46.550	2.000	0.000000	47.35	41.98	0.00	45
EMR	2011-09-28	1.582460	6.319290e+4	46.550	41.980	56.180	41.890	41.980	45.910	41.980	46.550	1.660	0.000000	47.34	41.98	0.00	46
EMR	2011-09-27	1.578370	6.335630e+4	46.880	41.980	56.360	41.890	41.980	45.910	41.980	46.880	1.360	0.000000	47.67	41.98	0.00	47
EMR	2011-09-26	1.589870	6.289830e+4	46.880	41.980	57.190	41.890	41.980	45.910	41.980	46.880	1.760	0.000000	47.67	41.98	0.00	48
EMR	2011-09-23	1.580910	6.325460e+4	46.880	41.980	58.150	41.890	41.980	45.910	41.980	46.880	1.380	0.000000	47.67	41.98	0.00	49
EMR	2011-09-22	1.591490	6.283430e+4	46.880	43.400	58.150	41.890	43.400	45.910	43.400	46.880	2.390	0.000000	47.68	43.40	0.00	50
EMR	2011-09-21	1.549460	6.453860e+4	46.880	43.400	58.150	41.890	43.400	45.910	43.400	46.880	2.020	0.000000	47.65	43.40	0.00	51
EMR	2011-09-20	1.524700	6.558680e+4	46.880	42.600	58.150	41.890	43.400	45.910	42.600	46.880	1.050	0.000000	47.64	42.60	0.00	52
EMR	2011-09-19	1.549680	6.452940e+4	46.880	42.460	58.150	41.890	43.400	45.910	42.460	46.880	1.510	0.000000	47.65	42.46	0.00	53
