#Header line 	date 	volatility 	unit 		brkh20 	brkl20 	brkh55 	brkl55 	low10 	high10 	low20 	high20 	truerng	ignore20	add 	sellall	normalizedprice
UUP	2011-12-01	0.186520	5.361370e+5	22.420	21.590	22.510	21.150	22.010	22.420	21.590	22.420	0.090	0.000000	22.51	21.59	0.00	1
UUP	2011-11-30	0.191599	5.219220e+5	22.420	21.590	22.510	21.150	21.970	22.420	21.590	22.420	0.270	0.000000	22.52	21.59	0.00	2
UUP	2011-11-29	0.187473	5.334100e+5	22.420	21.570	22.510	21.150	21.840	22.420	21.570	22.420	0.140	0.000000	22.51	21.57	0.00	3
UUP	2011-11-28	0.189972	5.263940e+5	22.420	21.160	22.510	21.150	21.690	22.420	21.160	22.420	0.220	0.000000	22.52	21.16	0.00	4
UUP	2011-11-25	0.188391	5.308100e+5	22.290	21.150	22.510	21.150	21.690	22.290	21.150	22.290	0.150	0.000000	22.38	21.15	0.00	5
UUP	2011-11-23	0.190412	5.251770e+5	22.070	21.150	22.510	21.150	21.690	22.070	21.150	22.070	0.280	0.000000	22.17	21.15	0.00	6
UUP	2011-11-22	0.185697	5.385120e+5	22.070	21.150	22.510	21.150	21.590	22.070	21.150	22.070	0.080	0.000000	22.16	21.15	0.00	7
UUP	2011-11-21	0.191260	5.228490e+5	22.070	21.150	22.510	21.150	21.590	22.070	21.150	22.070	0.120	0.000000	22.17	21.15	0.00	8
UUP	2011-11-18	0.195010	5.127940e+5	22.070	21.150	22.510	21.150	21.590	22.070	21.150	22.070	0.150	0.000000	22.17	21.15	0.00	9
UUP	2011-11-17	0.197379	5.066390e+5	22.040	21.150	22.510	21.070	21.590	22.040	21.150	22.040	0.120	0.000000	22.14	21.15	0.00	10
UUP	2011-11-16	0.201452	4.963970e+5	21.970	21.150	22.510	21.010	21.590	21.970	21.150	21.970	0.110	0.000000	22.07	21.15	0.00	11
UUP	2011-11-15	0.206265	4.848130e+5	21.970	21.150	22.510	20.930	21.590	21.970	21.150	21.970	0.190	0.000000	22.07	21.15	0.00	12
UUP	2011-11-14	0.207121	4.828090e+5	21.970	21.150	22.510	20.930	21.570	21.970	21.150	21.970	0.200	0.000000	22.07	21.15	0.00	13
UUP	2011-11-11	0.207496	4.819370e+5	21.970	21.150	22.510	20.930	21.160	21.970	21.150	21.970	0.270	0.000000	22.07	21.15	0.00	14
UUP	2011-11-10	0.204206	4.897010e+5	21.970	21.150	22.510	20.930	21.150	21.970	21.150	21.970	0.120	0.000000	22.07	21.15	0.00	15
UUP	2011-11-09	0.208638	4.792990e+5	21.800	21.150	22.510	20.930	21.150	21.800	21.150	21.800	0.420	0.000000	21.90	21.15	0.00	16
UUP	2011-11-08	0.197514	5.062940e+5	21.900	21.150	22.510	20.930	21.150	21.800	21.150	21.900	0.120	0.000000	22.00	21.15	0.00	17
UUP	2011-11-07	0.201593	4.960480e+5	21.920	21.150	22.510	20.930	21.150	21.800	21.150	21.920	0.110	0.000000	22.02	21.15	0.00	18
UUP	2011-11-04	0.206414	4.844630e+5	22.270	21.150	22.510	20.930	21.150	21.800	21.150	22.270	0.150	0.000000	22.37	21.15	0.00	19
UUP	2011-11-03	0.209383	4.775930e+5	22.270	21.150	22.510	20.930	21.150	21.800	21.150	22.270	0.240	0.000000	22.37	21.15	0.00	20
UUP	2011-11-02	0.207772	4.812970e+5	22.350	21.150	22.510	20.930	21.150	21.800	21.150	22.350	0.170	0.000000	22.45	21.15	0.00	21
UUP	2011-11-01	0.209760	4.767360e+5	22.420	21.150	22.510	20.930	21.150	21.780	21.150	22.420	0.310	0.000000	22.52	21.15	0.00	22
UUP	2011-10-31	0.204484	4.890360e+5	22.510	21.150	22.510	20.930	21.150	21.790	21.150	22.510	0.430	0.000000	22.61	21.15	0.00	23
UUP	2011-10-28	0.192615	5.191710e+5	22.510	21.150	22.510	20.930	21.150	21.790	21.150	22.510	0.070	0.000000	22.61	21.15	0.00	24
UUP	2011-10-27	0.199068	5.023400e+5	22.510	21.490	22.510	20.930	21.490	21.790	21.490	22.510	0.440	0.000000	22.61	21.49	0.00	25
UUP	2011-10-26	0.186388	5.365160e+5	22.510	21.490	22.510	20.930	21.490	21.790	21.490	22.510	0.220	0.000000	22.60	21.49	0.00	26
UUP	2011-10-25	0.184619	5.416570e+5	22.510	21.490	22.510	20.930	21.490	21.900	21.490	22.510	0.110	0.000000	22.60	21.49	0.00	27
UUP	2011-10-24	0.188546	5.303750e+5	22.510	21.540	22.510	20.930	21.540	21.920	21.540	22.510	0.160	0.000000	22.60	21.54	0.00	28
UUP	2011-10-21	0.190048	5.261820e+5	22.510	21.650	22.510	20.930	21.650	22.270	21.650	22.510	0.210	0.000000	22.61	21.65	0.00	29
UUP	2011-10-20	0.188998	5.291060e+5	22.510	21.650	22.510	20.930	21.650	22.270	21.650	22.510	0.180	0.000000	22.60	21.65	0.00	30
UUP	2011-10-19	0.189472	5.277830e+5	22.510	21.650	22.510	20.930	21.650	22.350	21.650	22.510	0.150	0.000000	22.60	21.65	0.00	31
UUP	2011-10-18	0.191549	5.220590e+5	22.510	21.650	22.510	20.930	21.650	22.420	21.650	22.510	0.230	0.000000	22.61	21.65	0.00	32
UUP	2011-10-17	0.189525	5.276340e+5	22.510	21.650	22.510	20.930	21.650	22.510	21.650	22.510	0.160	0.000000	22.60	21.65	0.00	33
UUP	2011-10-14	0.191079	5.233430e+5	22.510	21.740	22.510	20.930	21.750	22.510	21.740	22.510	0.130	0.000000	22.61	21.74	0.00	34
UUP	2011-10-13	0.194294	5.146840e+5	22.510	21.660	22.510	20.930	21.760	22.510	21.660	22.510	0.150	0.000000	22.61	21.66	0.00	35
UUP	2011-10-12	0.196625	5.085810e+5	22.510	21.660	22.510	20.930	21.900	22.510	21.660	22.510	0.190	0.000000	22.61	21.66	0.00	36
UUP	2011-10-11	0.196974	5.076810e+5	22.510	21.660	22.510	20.930	21.920	22.510	21.660	22.510	0.140	0.000000	22.61	21.66	0.00	37
UUP	2011-10-10	0.199973	5.000680e+5	22.510	21.660	22.510	20.930	22.050	22.510	21.660	22.510	0.410	0.000000	22.61	21.66	0.00	38
UUP	2011-10-07	0.188919	5.293280e+5	22.510	21.660	22.510	20.930	22.050	22.510	21.660	22.510	0.230	0.000000	22.60	21.66	0.00	39
UUP	2011-10-06	0.186757	5.354570e+5	22.510	21.650	22.510	20.930	22.050	22.510	21.650	22.510	0.230	0.000000	22.60	21.65	0.00	40
UUP	2011-10-05	0.184481	5.420630e+5	22.510	21.430	22.510	20.930	22.030	22.510	21.430	22.510	0.160	0.000000	22.60	21.43	0.00	41
UUP	2011-10-04	0.185769	5.383030e+5	22.510	21.430	22.510	20.930	21.860	22.510	21.430	22.510	0.210	0.000000	22.60	21.43	0.00	42
UUP	2011-10-03	0.184494	5.420240e+5	22.310	21.220	22.310	20.930	21.860	22.310	21.220	22.310	0.220	0.000000	22.40	21.22	0.00	43
UUP	2011-09-30	0.182625	5.475700e+5	22.260	21.160	22.260	20.930	21.740	22.260	21.160	22.260	0.240	0.000000	22.35	21.16	0.00	44
UUP	2011-09-29	0.179605	5.567770e+5	22.260	21.070	22.260	20.930	21.660	22.260	21.070	22.260	0.180	0.000000	22.35	21.07	0.00	45
UUP	2011-09-28	0.179584	5.568410e+5	22.260	21.010	22.260	20.930	21.660	22.260	21.010	22.260	0.180	0.000000	22.35	21.01	0.00	46
UUP	2011-09-27	0.179563	5.569090e+5	22.260	20.930	22.260	20.930	21.660	22.260	20.930	22.260	0.240	0.000000	22.35	20.93	0.00	47
UUP	2011-09-26	0.176382	5.669530e+5	22.260	20.930	22.260	20.930	21.660	22.260	20.930	22.260	0.150	0.000000	22.35	20.93	0.00	48
UUP	2011-09-23	0.177770	5.625240e+5	22.260	20.930	22.260	20.930	21.660	22.260	20.930	22.260	0.180	0.000000	22.35	20.93	0.00	49
UUP	2011-09-22	0.177653	5.628960e+5	22.030	20.930	22.030	20.930	21.650	22.030	20.930	22.030	0.290	0.000000	22.12	20.93	0.00	50
UUP	2011-09-21	0.171740	5.822760e+5	21.920	20.930	21.920	20.930	21.430	21.920	20.930	21.920	0.300	0.000000	22.01	20.93	0.00	51
UUP	2011-09-20	0.164989	6.061000e+5	21.920	20.930	21.920	20.930	21.430	21.920	20.930	21.920	0.100	0.000000	22.00	20.93	0.00	52
UUP	2011-09-19	0.168410	5.937900e+5	21.920	20.930	21.920	20.930	21.220	21.920	20.930	21.920	0.270	0.000000	22.00	20.93	0.00	53
