#Header line 	date 	volatility 	unit 		brkh20 	brkl20 	brkh55 	brkl55 	low10 	high10 	low20 	high20 	truerng	ignore20	add 	sellall	normalizedprice
FXY	2011-12-01	0.622630	1.606090e+5	128.060	125.990	130.090	125.770	126.340	128.060	125.990	128.060	0.400	0.000000	128.37	125.99	0.00	1
FXY	2011-11-30	0.634347	1.576420e+5	128.060	125.770	130.090	125.770	126.340	128.060	125.770	128.060	0.790	0.000000	128.38	125.77	0.00	2
FXY	2011-11-29	0.626155	1.597050e+5	128.060	125.770	130.090	125.770	126.340	128.060	125.770	128.060	0.380	0.000000	128.37	125.77	0.00	3
FXY	2011-11-28	0.639110	1.564680e+5	130.090	125.770	130.090	125.770	126.760	128.060	125.770	130.090	0.860	0.000000	130.41	125.77	0.00	4
FXY	2011-11-25	0.627485	1.593660e+5	130.090	125.770	130.090	125.770	126.860	128.060	125.770	130.090	0.690	0.000000	130.40	125.77	0.00	5
FXY	2011-11-23	0.624194	1.602070e+5	130.090	125.770	130.090	125.770	126.600	128.060	125.770	130.090	0.990	0.000000	130.40	125.77	0.00	6
FXY	2011-11-22	0.604941	1.653050e+5	130.090	125.770	130.090	125.770	126.600	128.060	125.770	130.090	0.240	0.000000	130.39	125.77	0.00	7
FXY	2011-11-21	0.624149	1.602180e+5	130.090	125.770	130.090	125.770	126.250	128.060	125.770	130.090	0.280	0.000000	130.40	125.77	0.00	8
FXY	2011-11-18	0.642262	1.557000e+5	130.090	125.770	130.090	125.770	125.990	128.030	125.770	130.090	0.480	0.000000	130.41	125.77	0.00	9
FXY	2011-11-17	0.650802	1.536570e+5	130.090	125.770	130.090	125.770	125.990	127.930	125.770	130.090	0.150	0.000000	130.41	125.77	0.00	10
FXY	2011-11-16	0.677160	1.476760e+5	130.090	125.770	130.090	125.770	125.990	127.810	125.770	130.090	0.300	0.000000	130.43	125.77	0.00	11
FXY	2011-11-15	0.697011	1.434700e+5	130.090	125.770	130.090	125.770	125.770	127.810	125.770	130.090	0.320	0.000000	130.44	125.77	0.00	12
FXY	2011-11-14	0.716853	1.394990e+5	130.090	125.770	130.090	125.770	125.770	127.720	125.770	130.090	0.320	0.000000	130.45	125.77	0.00	13
FXY	2011-11-11	0.737740	1.355490e+5	130.090	125.770	130.090	125.770	125.770	130.090	125.770	130.090	0.990	0.000000	130.46	125.77	0.00	14
FXY	2011-11-10	0.724463	1.380330e+5	130.090	125.770	130.090	125.770	125.770	130.090	125.770	130.090	0.500	0.000000	130.45	125.77	0.00	15
FXY	2011-11-09	0.736277	1.358180e+5	130.090	125.770	130.090	125.770	125.770	130.090	125.770	130.090	0.310	0.000000	130.46	125.77	0.00	16
FXY	2011-11-08	0.758713	1.318020e+5	130.090	125.770	130.090	125.770	125.770	130.090	125.770	130.090	0.730	0.000000	130.47	125.77	0.00	17
FXY	2011-11-07	0.760224	1.315400e+5	130.090	125.770	130.090	125.770	125.770	130.090	125.770	130.090	0.350	0.000000	130.47	125.77	0.00	18
FXY	2011-11-04	0.781815	1.279080e+5	130.090	125.770	130.090	125.770	125.770	130.090	125.770	130.090	0.330	0.000000	130.48	125.77	0.00	19
FXY	2011-11-03	0.805595	1.241320e+5	130.090	125.770	130.090	125.770	125.770	130.090	125.770	130.090	0.270	0.000000	130.49	125.77	0.00	20
FXY	2011-11-02	0.833784	1.199350e+5	130.090	125.770	130.090	125.770	125.770	130.090	125.770	130.090	0.590	0.000000	130.51	125.77	0.00	21
FXY	2011-11-01	0.846614	1.181180e+5	130.090	126.020	130.090	126.020	126.020	130.090	126.020	130.090	0.400	0.000000	130.51	126.02	0.00	22
FXY	2011-10-31	0.870120	1.149270e+5	130.090	127.470	130.090	126.920	128.240	130.090	127.470	130.090	4.080	0.000000	130.53	127.47	0.00	23
FXY	2011-10-28	0.701179	1.426170e+5	129.790	127.470	129.790	126.920	127.650	129.790	127.470	129.790	0.430	0.000000	130.14	127.47	0.00	24
FXY	2011-10-27	0.715452	1.397720e+5	129.720	127.470	129.720	126.920	127.650	129.720	127.470	129.720	0.910	0.000000	130.08	127.47	0.00	25
FXY	2011-10-26	0.705213	1.418010e+5	129.720	127.470	129.720	126.920	127.470	129.720	127.470	129.720	0.790	0.000000	130.07	127.47	0.00	26
FXY	2011-10-25	0.700750	1.427040e+5	129.490	127.470	129.490	126.910	127.470	129.490	127.470	129.490	0.660	0.000000	129.84	127.47	0.00	27
FXY	2011-10-24	0.702895	1.422690e+5	129.410	127.470	129.410	125.710	127.470	129.410	127.470	129.410	0.270	0.000000	129.76	127.47	0.00	28
FXY	2011-10-21	0.725679	1.378020e+5	128.910	127.470	129.190	124.700	127.470	128.610	127.470	128.910	1.340	0.000000	129.27	127.47	0.00	29
FXY	2011-10-20	0.693346	1.442280e+5	129.190	127.470	129.190	124.700	127.470	128.650	127.470	129.190	0.440	0.000000	129.54	127.47	0.00	30
FXY	2011-10-19	0.706680	1.415070e+5	129.190	127.470	129.190	124.700	127.470	128.650	127.470	129.190	0.280	0.000000	129.54	127.47	0.00	31
FXY	2011-10-18	0.729137	1.371480e+5	129.190	127.470	129.190	124.700	127.470	128.650	127.470	129.190	0.350	0.000000	129.56	127.47	0.00	32
FXY	2011-10-17	0.749092	1.334950e+5	129.190	127.470	129.190	124.700	127.470	128.650	127.470	129.190	1.010	0.000000	129.56	127.47	0.00	33
FXY	2011-10-14	0.735360	1.359880e+5	129.190	127.470	129.190	124.700	127.470	128.650	127.470	129.190	1.000	0.000000	129.56	127.47	0.00	34
FXY	2011-10-13	0.721431	1.386130e+5	129.190	127.470	129.190	124.700	127.470	128.650	127.470	129.190	0.900	0.000000	129.55	127.47	0.00	35
FXY	2011-10-12	0.712033	1.404430e+5	129.190	127.800	129.190	124.700	127.800	128.760	127.800	129.190	1.450	0.000000	129.55	127.80	0.00	36
FXY	2011-10-11	0.673193	1.485460e+5	129.190	127.800	129.190	124.700	127.800	128.760	127.800	129.190	0.200	0.000000	129.53	127.80	0.00	37
FXY	2011-10-10	0.698097	1.432460e+5	129.190	127.560	129.190	124.700	127.800	128.910	127.560	129.190	0.370	0.000000	129.54	127.56	0.00	38
FXY	2011-10-07	0.715366	1.397890e+5	129.190	127.230	129.190	124.700	127.800	128.910	127.230	129.190	0.450	0.000000	129.55	127.23	0.00	39
FXY	2011-10-06	0.729332	1.371120e+5	129.190	127.230	129.190	124.700	127.800	129.190	127.230	129.190	0.330	0.000000	129.56	127.23	0.00	40
FXY	2011-10-05	0.750350	1.332710e+5	129.190	127.230	129.190	124.500	127.800	129.190	127.230	129.190	0.600	0.000000	129.56	127.23	0.00	41
FXY	2011-10-04	0.758263	1.318800e+5	129.190	126.920	129.190	124.500	127.800	129.190	126.920	129.190	0.580	0.000000	129.57	126.92	0.00	42
FXY	2011-10-03	0.767645	1.302690e+5	129.190	126.920	129.190	124.500	127.800	129.190	126.920	129.190	1.000	0.000000	129.57	126.92	0.00	43
FXY	2011-09-30	0.755416	1.323770e+5	129.190	126.920	129.190	124.500	128.310	129.190	126.920	129.190	0.800	0.000000	129.57	126.92	0.00	44
FXY	2011-09-29	0.753069	1.327900e+5	129.190	126.920	129.190	124.500	128.310	129.190	126.920	129.190	0.780	0.000000	129.57	126.92	0.00	45
FXY	2011-09-28	0.751652	1.330400e+5	129.190	126.920	129.190	124.250	128.310	129.190	126.920	129.190	0.660	0.000000	129.57	126.92	0.00	46
FXY	2011-09-27	0.756476	1.321920e+5	129.190	126.920	129.190	122.840	128.230	129.190	126.920	129.190	0.730	0.000000	129.57	126.92	0.00	47
FXY	2011-09-26	0.757869	1.319490e+5	129.190	126.920	129.190	122.380	127.560	129.190	126.920	129.190	0.520	0.000000	129.57	126.92	0.00	48
FXY	2011-09-23	0.770389	1.298050e+5	129.190	126.920	129.190	121.440	127.230	129.190	126.920	129.190	1.220	0.000000	129.57	126.92	0.00	49
FXY	2011-09-22	0.746725	1.339180e+5	129.050	126.920	129.050	121.440	127.230	129.050	126.920	129.050	0.950	0.000000	129.42	126.92	0.00	50
FXY	2011-09-21	0.736026	1.358650e+5	129.050	126.920	129.050	121.440	127.230	129.050	126.920	129.050	0.670	0.000000	129.42	126.92	0.00	51
FXY	2011-09-20	0.739501	1.352260e+5	128.830	126.920	128.920	121.440	126.920	128.830	126.920	128.830	0.400	0.000000	129.20	126.92	0.00	52
FXY	2011-09-19	0.757370	1.320360e+5	128.920	126.920	128.920	121.440	126.920	128.640	126.920	128.920	0.870	0.000000	129.30	126.92	0.00	53
