#Header line 	date 	volatility 	unit 		brkh20 	brkl20 	brkh55 	brkl55 	low10 	high10 	low20 	high20 	truerng	ignore20	add 	sellall	normalizedprice
FCR	2011-12-01	0.249604	4.006350e+5	17.040	16.440	17.370	15.900	16.440	17.040	16.440	17.040	0.280	0.000000	17.16	16.44	0.00	1
FCR	2011-11-30	0.248004	4.032200e+5	17.010	16.440	17.370	15.900	16.440	17.010	16.440	17.010	0.180	0.000000	17.13	16.44	0.00	2
FCR	2011-11-29	0.251583	3.974830e+5	16.870	16.230	17.370	15.900	16.440	16.820	16.230	16.870	0.240	0.000000	17.00	16.23	0.00	3
FCR	2011-11-28	0.252193	3.965220e+5	16.870	16.230	17.370	15.900	16.440	16.780	16.230	16.870	0.220	0.000000	17.00	16.23	0.00	4
FCR	2011-11-25	0.253887	3.938760e+5	16.870	16.230	17.370	15.900	16.440	16.780	16.230	16.870	0.270	0.000000	17.00	16.23	0.00	5
FCR	2011-11-24	0.253039	3.951960e+5	16.870	16.230	17.370	15.900	16.470	16.780	16.230	16.870	0.370	0.000000	17.00	16.23	0.00	6
FCR	2011-11-23	0.246883	4.050500e+5	16.870	16.230	17.370	15.900	16.470	16.780	16.230	16.870	0.090	0.000000	16.99	16.23	0.00	7
FCR	2011-11-22	0.255140	3.919420e+5	16.870	16.230	17.370	15.900	16.470	16.830	16.230	16.870	0.120	0.000000	17.00	16.23	0.00	8
FCR	2011-11-21	0.262253	3.813120e+5	16.870	16.230	17.370	15.900	16.470	16.830	16.230	16.870	0.140	0.000000	17.00	16.23	0.00	9
FCR	2011-11-18	0.268687	3.721800e+5	16.870	16.230	17.370	15.900	16.470	16.830	16.230	16.870	0.310	0.000000	17.00	16.23	0.00	10
FCR	2011-11-17	0.266513	3.752170e+5	16.870	16.230	17.370	15.900	16.470	16.870	16.230	16.870	0.220	0.000000	17.00	16.23	0.00	11
FCR	2011-11-16	0.268961	3.718020e+5	16.870	16.230	17.370	15.900	16.460	16.870	16.230	16.870	0.290	0.000000	17.00	16.23	0.00	12
FCR	2011-11-15	0.267853	3.733390e+5	16.870	16.230	17.370	15.900	16.230	16.870	16.230	16.870	0.150	0.000000	17.00	16.23	0.00	13
FCR	2011-11-14	0.274056	3.648890e+5	16.870	16.230	17.370	15.900	16.230	16.870	16.230	16.870	0.380	0.000000	17.01	16.23	0.00	14
FCR	2011-11-11	0.268480	3.724670e+5	16.870	16.230	17.370	15.900	16.230	16.870	16.230	16.870	0.160	0.000000	17.00	16.23	0.00	15
FCR	2011-11-10	0.274190	3.647110e+5	16.870	16.230	17.370	15.900	16.230	16.870	16.230	16.870	0.200	0.000000	17.01	16.23	0.00	16
FCR	2011-11-09	0.278094	3.595900e+5	16.870	16.230	17.370	15.770	16.230	16.870	16.230	16.870	0.280	0.000000	17.01	16.23	0.00	17
FCR	2011-11-08	0.277994	3.597200e+5	16.870	16.130	17.370	15.530	16.230	16.870	16.130	16.870	0.230	0.000000	17.01	16.13	0.00	18
FCR	2011-11-07	0.280520	3.564810e+5	16.870	16.040	17.370	15.530	16.230	16.870	16.040	16.870	0.260	0.000000	17.01	16.04	0.00	19
FCR	2011-11-04	0.281600	3.551140e+5	16.870	16.040	17.370	15.530	16.230	16.870	16.040	16.870	0.240	0.000000	17.01	16.04	0.00	20
FCR	2011-11-03	0.283790	3.523740e+5	16.620	16.040	17.370	15.530	16.230	16.620	16.040	16.620	0.470	0.000000	16.76	16.04	0.00	21
FCR	2011-11-02	0.273989	3.649780e+5	16.620	15.900	17.370	15.530	16.230	16.620	15.900	16.620	0.230	0.000000	16.76	15.90	0.00	22
FCR	2011-11-01	0.276304	3.619200e+5	16.620	15.900	17.370	15.530	16.250	16.620	15.900	16.620	0.160	0.000000	16.76	15.90	0.00	23
FCR	2011-10-31	0.282426	3.540760e+5	17.000	15.900	17.370	15.530	16.240	16.620	15.900	17.000	0.150	0.000000	17.14	15.90	0.00	24
FCR	2011-10-28	0.289395	3.455480e+5	17.000	15.900	17.370	15.530	16.240	16.620	15.900	17.000	0.320	0.000000	17.14	15.90	0.00	25
FCR	2011-10-27	0.287785	3.474820e+5	17.000	15.900	17.370	15.530	16.240	16.590	15.900	17.000	0.320	0.000000	17.14	15.90	0.00	26
FCR	2011-10-26	0.286089	3.495420e+5	17.000	15.900	17.370	14.970	16.240	16.520	15.900	17.000	0.340	0.000000	17.14	15.90	0.00	27
FCR	2011-10-25	0.283252	3.530430e+5	17.000	15.900	17.370	14.970	16.130	16.520	15.900	17.000	0.270	0.000000	17.14	15.90	0.00	28
FCR	2011-10-24	0.283949	3.521760e+5	17.000	15.900	17.370	14.970	16.040	16.400	15.900	17.000	0.260	0.000000	17.14	15.90	0.00	29
FCR	2011-10-21	0.285209	3.506190e+5	17.000	15.900	17.370	14.970	16.040	16.400	15.900	17.000	0.170	0.000000	17.14	15.90	0.00	30
FCR	2011-10-20	0.291273	3.433200e+5	17.000	15.900	17.370	14.970	16.040	16.350	15.900	17.000	0.150	0.000000	17.15	15.90	0.00	31
FCR	2011-10-19	0.298709	3.347740e+5	17.000	15.900	17.370	14.970	15.900	16.350	15.900	17.000	0.180	0.000000	17.15	15.90	0.00	32
FCR	2011-10-18	0.304956	3.279160e+5	17.050	15.900	17.370	14.970	15.900	16.360	15.900	17.050	0.100	0.000000	17.20	15.90	0.00	33
FCR	2011-10-17	0.315744	3.167130e+5	17.240	15.900	17.370	14.970	15.900	17.000	15.900	17.240	0.080	0.000000	17.40	15.90	0.00	34
FCR	2011-10-14	0.328151	3.047380e+5	17.370	15.900	17.370	14.970	15.900	17.000	15.900	17.370	0.310	0.000000	17.53	15.90	0.00	35
FCR	2011-10-13	0.329106	3.038530e+5	17.370	15.900	17.370	14.970	15.900	17.000	15.900	17.370	0.250	0.000000	17.53	15.90	0.00	36
FCR	2011-10-12	0.333270	3.000570e+5	17.370	15.900	17.370	14.970	15.900	17.000	15.900	17.370	0.220	0.000000	17.54	15.90	0.00	37
FCR	2011-10-11	0.339232	2.947840e+5	17.370	15.900	17.370	14.970	15.900	17.000	15.900	17.370	0.090	0.000000	17.54	15.90	0.00	38
FCR	2011-10-07	0.352349	2.838100e+5	17.370	15.900	17.370	14.970	15.900	17.000	15.900	17.370	0.170	0.000000	17.55	15.90	0.00	39
FCR	2011-10-06	0.361946	2.762840e+5	17.370	15.900	17.370	14.970	15.900	17.000	15.900	17.370	0.150	0.000000	17.55	15.90	0.00	40
FCR	2011-10-05	0.373101	2.680240e+5	17.370	15.900	17.370	14.970	15.900	17.000	15.900	17.370	0.280	0.000000	17.56	15.90	0.00	41
FCR	2011-10-04	0.378001	2.645490e+5	17.370	16.360	17.370	14.970	16.360	17.000	16.360	17.370	0.600	0.000000	17.56	16.36	0.00	42
FCR	2011-10-03	0.366317	2.729870e+5	17.370	16.540	17.370	14.970	16.720	17.050	16.540	17.370	0.690	0.000000	17.55	16.54	0.00	43
FCR	2011-09-30	0.349281	2.863020e+5	17.370	16.540	17.370	14.970	16.720	17.240	16.540	17.370	0.410	0.000000	17.54	16.54	0.00	44
FCR	2011-09-29	0.346086	2.889460e+5	17.370	16.540	17.370	14.970	16.720	17.370	16.540	17.370	0.240	0.000000	17.54	16.54	0.00	45
FCR	2011-09-28	0.351669	2.843580e+5	17.370	16.540	17.370	14.970	16.750	17.370	16.540	17.370	0.320	0.000000	17.55	16.54	0.00	46
FCR	2011-09-27	0.353336	2.830170e+5	17.370	16.450	17.370	14.970	16.670	17.370	16.450	17.370	0.520	0.000000	17.55	16.45	0.00	47
FCR	2011-09-26	0.344564	2.902220e+5	17.370	16.150	17.370	14.970	16.590	17.370	16.150	17.370	0.320	0.000000	17.54	16.15	0.00	48
FCR	2011-09-23	0.345857	2.891370e+5	17.370	16.150	17.370	14.970	16.540	17.370	16.150	17.370	0.210	0.000000	17.54	16.15	0.00	49
FCR	2011-09-22	0.353007	2.832800e+5	17.370	16.150	17.370	14.970	16.540	17.370	16.150	17.370	0.550	0.000000	17.55	16.15	0.00	50
FCR	2011-09-21	0.342639	2.918520e+5	17.370	16.150	17.370	14.970	16.540	17.370	16.150	17.370	0.450	0.000000	17.54	16.15	0.00	51
FCR	2011-09-20	0.336989	2.967460e+5	17.370	15.770	17.370	14.970	16.540	17.370	15.770	17.370	0.380	0.000000	17.54	15.77	0.00	52
FCR	2011-09-19	0.334725	2.987530e+5	17.370	15.530	17.370	14.970	16.540	17.370	15.530	17.370	0.460	0.000000	17.54	15.53	0.00	53
