#Header line 	date 	volatility 	unit 		brkh20 	brkl20 	brkh55 	brkl55 	low10 	high10 	low20 	high20 	truerng	ignore20	add 	sellall	normalizedprice
NKE	2011-12-02	2.358280	4.240390e+4	96.180	90.280	96.750	83.050	90.280	96.180	90.280	96.180	1.460	0.000000	97.36	90.28	0.00	1
NKE	2011-12-01	2.405550	4.157050e+4	96.180	90.280	96.750	83.050	90.280	96.180	90.280	96.180	1.830	0.000000	97.38	90.28	0.00	2
NKE	2011-11-30	2.435850	4.105350e+4	96.150	90.280	96.750	83.050	90.280	95.950	90.280	96.150	2.630	0.000000	97.37	90.28	0.00	3
NKE	2011-11-29	2.425630	4.122650e+4	96.350	90.280	96.750	83.050	90.280	95.950	90.280	96.350	1.120	0.000000	97.56	90.28	0.00	4
NKE	2011-11-28	2.494340	4.009070e+4	96.750	90.280	96.750	82.500	90.280	96.150	90.280	96.750	5.550	0.000000	98.00	90.28	0.00	5
NKE	2011-11-25	2.333520	4.285370e+4	96.750	90.930	96.750	82.500	90.930	96.150	90.930	96.750	1.580	0.000000	97.92	90.93	0.00	6
NKE	2011-11-23	2.373180	4.213760e+4	96.750	91.060	96.750	82.500	91.060	96.150	91.060	96.750	1.470	0.000000	97.94	91.06	0.00	7
NKE	2011-11-22	2.420710	4.131010e+4	96.750	91.060	96.750	82.500	91.060	96.150	91.060	96.750	1.630	0.000000	97.96	91.06	0.00	8
NKE	2011-11-21	2.462330	4.061190e+4	96.750	91.890	96.750	82.500	91.890	96.150	91.890	96.750	2.960	0.000000	97.98	91.89	0.00	9
NKE	2011-11-18	2.436140	4.104860e+4	96.750	91.890	96.750	82.500	91.890	96.150	91.890	96.750	2.030	0.000000	97.97	91.89	0.00	10
NKE	2011-11-17	2.457510	4.069150e+4	96.750	91.890	96.750	82.500	92.360	96.150	91.890	96.750	2.800	0.000000	97.98	91.89	0.00	11
NKE	2011-11-16	2.439490	4.099220e+4	96.750	91.290	96.750	82.500	92.360	96.150	91.290	96.750	2.410	0.000000	97.97	91.29	0.00	12
NKE	2011-11-15	2.441040	4.096610e+4	96.750	91.290	96.750	82.500	92.360	96.150	91.290	96.750	1.930	0.000000	97.97	91.29	0.00	13
NKE	2011-11-14	2.467940	4.051970e+4	96.750	91.020	96.750	82.500	92.360	96.350	91.020	96.750	1.690	0.000000	97.98	91.02	0.00	14
NKE	2011-11-11	2.508880	3.985840e+4	96.750	91.020	96.750	82.500	92.360	96.750	91.020	96.750	2.490	0.000000	98.00	91.02	0.00	15
NKE	2011-11-10	2.509880	3.984260e+4	96.750	91.020	96.750	82.500	92.360	96.750	91.020	96.750	2.180	0.000000	98.00	91.02	0.00	16
NKE	2011-11-09	2.527240	3.956890e+4	96.750	91.020	96.750	82.500	93.800	96.750	91.020	96.750	3.810	0.000000	98.01	91.02	0.00	17
NKE	2011-11-08	2.459720	4.065500e+4	96.750	89.850	96.750	79.250	93.750	96.750	89.850	96.750	1.940	0.000000	97.98	89.85	0.00	18
NKE	2011-11-07	2.487080	4.020780e+4	96.750	89.850	96.750	78.580	93.750	96.750	89.850	96.750	1.860	0.000000	97.99	89.85	0.00	19
NKE	2011-11-04	2.520080	3.968130e+4	96.750	88.150	96.750	78.580	93.750	96.750	88.150	96.750	2.380	0.000000	98.01	88.15	0.00	20
NKE	2011-11-03	2.527450	3.956550e+4	96.750	88.150	96.750	78.580	91.890	96.750	88.150	96.750	2.670	0.000000	98.01	88.15	0.00	21
NKE	2011-11-02	2.519950	3.968330e+4	96.750	87.800	96.750	78.580	91.290	96.750	87.800	96.750	1.920	0.000000	98.01	87.80	0.00	22
NKE	2011-11-01	2.551530	3.919220e+4	96.750	85.730	96.750	78.580	91.290	96.750	85.730	96.750	2.890	0.000000	98.03	85.73	0.00	23
NKE	2011-10-31	2.533710	3.946780e+4	96.750	83.050	96.750	78.580	91.020	96.750	83.050	96.750	2.140	0.000000	98.02	83.05	0.00	24
NKE	2011-10-28	2.554440	3.914760e+4	95.830	83.050	95.830	78.580	91.020	95.830	83.050	95.830	2.010	0.000000	97.11	83.05	0.00	25
NKE	2011-10-27	2.583090	3.871330e+4	95.070	83.050	95.070	78.580	91.020	95.070	83.050	95.070	2.280	0.000000	96.36	83.05	0.00	26
NKE	2011-10-26	2.599040	3.847570e+4	95.070	83.050	95.070	78.580	91.020	95.070	83.050	95.070	2.260	0.000000	96.37	83.05	0.00	27
NKE	2011-10-25	2.616890	3.821340e+4	95.070	83.050	95.070	78.580	89.850	95.070	83.050	95.070	1.870	0.000000	96.38	83.05	0.00	28
NKE	2011-10-24	2.656200	3.764780e+4	94.350	83.050	94.350	78.580	89.850	94.350	83.050	94.350	1.810	0.000000	95.68	83.05	0.00	29
NKE	2011-10-21	2.700730	3.702700e+4	92.970	83.050	92.970	78.580	88.150	92.970	83.050	92.970	2.460	0.000000	94.32	83.05	0.00	30
NKE	2011-10-20	2.713400	3.685410e+4	92.970	83.050	92.970	78.580	88.150	92.970	83.050	92.970	1.770	0.000000	94.33	83.05	0.00	31
NKE	2011-10-19	2.763060	3.619180e+4	92.970	83.050	92.970	78.580	87.800	92.970	83.050	92.970	1.430	0.000000	94.35	83.05	0.00	32
NKE	2011-10-18	2.833220	3.529560e+4	92.970	83.050	92.970	78.580	85.730	92.970	83.050	92.970	4.350	0.000000	94.39	83.05	0.00	33
NKE	2011-10-17	2.753390	3.631890e+4	92.970	83.050	92.970	78.580	83.050	92.970	83.050	92.970	2.260	0.000000	94.35	83.05	0.00	34
NKE	2011-10-14	2.779350	3.597960e+4	92.210	83.050	92.210	78.580	83.050	92.210	83.050	92.210	1.270	0.000000	93.60	83.05	0.00	35
NKE	2011-10-13	2.858790	3.497980e+4	91.790	83.050	91.790	78.580	83.050	91.790	83.050	91.790	1.570	0.000000	93.22	83.05	0.00	36
NKE	2011-10-12	2.926620	3.416910e+4	90.720	83.050	90.720	78.580	83.050	90.720	83.050	90.720	2.650	0.000000	92.18	83.05	0.00	37
NKE	2011-10-11	2.941180	3.399990e+4	90.720	83.050	90.930	78.580	83.050	90.720	83.050	90.720	1.290	0.000000	92.19	83.05	0.00	38
NKE	2011-10-10	3.028090	3.302410e+4	90.580	83.050	91.710	78.580	83.050	90.580	83.050	90.580	2.720	0.000000	92.09	83.05	0.00	39
NKE	2011-10-07	3.044300	3.284820e+4	90.580	82.500	91.840	78.580	83.050	90.580	82.500	90.580	2.280	0.000000	92.10	82.50	0.00	40
NKE	2011-10-06	3.084530	3.241990e+4	90.580	82.500	91.840	78.580	83.050	90.580	82.500	90.580	2.570	0.000000	92.12	82.50	0.00	41
NKE	2011-10-05	3.111610	3.213770e+4	90.580	82.500	91.840	78.580	83.050	90.580	82.500	90.580	2.910	0.000000	92.14	82.50	0.00	42
NKE	2011-10-04	3.122220	3.202850e+4	90.580	82.500	91.840	78.580	83.050	90.580	82.500	90.580	4.890	0.000000	92.14	82.50	0.00	43
NKE	2011-10-03	3.029180	3.301220e+4	90.580	82.500	91.840	78.580	84.180	90.580	82.500	90.580	3.190	0.000000	92.09	82.50	0.00	44
NKE	2011-09-30	3.020720	3.310470e+4	90.580	82.500	91.960	78.580	84.180	90.580	82.500	90.580	2.760	0.000000	92.09	82.50	0.00	45
NKE	2011-09-29	3.034440	3.295500e+4	90.580	82.500	92.050	78.580	84.180	90.580	82.500	90.580	4.560	0.000000	92.10	82.50	0.00	46
NKE	2011-09-28	2.954140	3.385070e+4	90.580	82.500	92.050	78.580	84.180	90.580	82.500	90.580	3.730	0.000000	92.06	82.50	0.00	47
NKE	2011-09-27	2.913310	3.432520e+4	90.200	82.500	92.050	78.580	84.180	90.200	82.500	90.200	3.250	0.000000	91.66	82.50	0.00	48
NKE	2011-09-26	2.895590	3.453530e+4	90.200	82.500	93.240	78.580	84.180	90.200	82.500	90.200	2.760	0.000000	91.65	82.50	0.00	49
NKE	2011-09-23	2.902730	3.445040e+4	90.200	82.500	93.660	78.580	82.500	90.200	82.500	90.200	5.810	0.000000	91.65	82.50	0.00	50
NKE	2011-09-22	2.749710	3.636750e+4	90.200	82.500	93.660	78.580	82.500	90.200	82.500	90.200	3.520	0.000000	91.57	82.50	0.00	51
NKE	2011-09-21	2.709170	3.691170e+4	90.200	82.500	93.660	78.580	82.500	90.200	82.500	90.200	4.070	0.000000	91.55	82.50	0.00	52
NKE	2011-09-20	2.637550	3.791400e+4	90.200	79.250	93.660	78.580	82.500	90.200	79.250	90.200	1.940	0.000000	91.52	79.25	0.00	53
NKE	2011-09-19	2.674260	3.739350e+4	89.770	78.580	93.660	78.580	82.500	89.770	78.580	89.770	2.470	0.000000	91.11	78.58	0.00	54
