#Header line 	date 	volatility 	unit 		brkh20 	brkl20 	brkh55 	brkl55 	low10 	high10 	low20 	high20 	truerng	ignore20	add 	sellall	normalizedprice
CLCT	2011-12-01	0.400683	2.495740e+5	15.940	14.050	15.940	13.230	14.050	15.000	14.050	15.940	0.360	0.000000	16.14	14.05	0.00	1
CLCT	2011-11-30	0.402824	2.482470e+5	15.940	14.160	15.940	13.230	14.160	15.240	14.160	15.940	0.300	0.000000	16.14	14.16	0.00	2
CLCT	2011-11-29	0.408236	2.449560e+5	15.940	14.400	15.940	13.230	14.400	15.320	14.400	15.940	0.420	0.000000	16.14	14.40	0.00	3
CLCT	2011-11-28	0.407617	2.453290e+5	15.940	14.400	16.280	13.230	14.400	15.320	14.400	15.940	1.000	0.000000	16.14	14.40	0.00	4
CLCT	2011-11-25	0.376439	2.656480e+5	15.940	14.400	16.450	13.230	14.400	15.320	14.400	15.940	0.230	0.000000	16.13	14.40	0.00	5
CLCT	2011-11-23	0.384146	2.603180e+5	15.940	14.450	16.750	13.230	14.450	15.320	14.450	15.940	0.270	0.000000	16.13	14.45	0.00	6
CLCT	2011-11-22	0.390154	2.563090e+5	15.940	14.450	16.750	13.230	14.450	15.350	14.450	15.940	0.320	0.000000	16.14	14.45	0.00	7
CLCT	2011-11-21	0.393846	2.539060e+5	15.940	14.570	16.750	13.230	14.620	15.940	14.570	15.940	0.270	0.000000	16.14	14.57	0.00	8
CLCT	2011-11-18	0.400364	2.497730e+5	15.940	14.570	16.750	13.230	14.700	15.940	14.570	15.940	0.210	0.000000	16.14	14.57	0.00	9
CLCT	2011-11-17	0.410383	2.436750e+5	15.940	14.570	16.750	13.230	15.000	15.940	14.570	15.940	0.370	0.000000	16.15	14.57	0.00	10
CLCT	2011-11-16	0.412509	2.424190e+5	15.940	14.570	16.890	13.230	15.060	15.940	14.570	15.940	0.250	0.000000	16.15	14.57	0.00	11
CLCT	2011-11-15	0.421062	2.374950e+5	15.940	14.380	16.890	13.230	14.750	15.940	14.380	15.940	0.240	0.000000	16.15	14.38	0.00	12
CLCT	2011-11-14	0.430591	2.322390e+5	15.940	14.380	17.200	13.230	14.750	15.940	14.380	15.940	0.310	0.000000	16.16	14.38	0.00	13
CLCT	2011-11-11	0.436938	2.288650e+5	15.940	14.380	17.250	13.230	14.750	15.940	14.380	15.940	0.260	0.000000	16.16	14.38	0.00	14
CLCT	2011-11-10	0.446251	2.240890e+5	15.940	14.380	17.300	13.230	14.750	15.940	14.380	15.940	0.380	0.000000	16.16	14.38	0.00	15
CLCT	2011-11-09	0.449738	2.223520e+5	15.940	14.380	17.350	13.230	14.750	15.940	14.380	15.940	0.260	0.000000	16.16	14.38	0.00	16
CLCT	2011-11-08	0.459724	2.175220e+5	15.940	14.230	17.350	13.230	14.630	15.940	14.230	15.940	0.590	0.000000	16.17	14.23	0.00	17
CLCT	2011-11-07	0.452867	2.208150e+5	15.800	14.230	17.350	13.230	14.570	15.800	14.230	15.800	0.560	0.000000	16.03	14.23	0.00	18
CLCT	2011-11-04	0.447229	2.235990e+5	15.420	14.230	17.350	13.230	14.570	15.420	14.230	15.420	0.490	0.000000	15.64	14.23	0.00	19
CLCT	2011-11-03	0.444978	2.247300e+5	15.350	14.230	17.540	13.230	14.570	15.350	14.230	15.350	0.230	0.000000	15.57	14.23	0.00	20
CLCT	2011-11-02	0.456292	2.191580e+5	15.350	14.100	17.540	13.230	14.570	15.350	14.100	15.350	0.620	0.000000	15.58	14.10	0.00	21
CLCT	2011-11-01	0.447676	2.233760e+5	15.350	13.230	17.540	13.230	14.380	15.350	13.230	15.350	0.600	0.000000	15.57	13.23	0.00	22
CLCT	2011-10-31	0.439659	2.274490e+5	15.080	13.230	17.540	13.230	14.380	15.080	13.230	15.080	0.600	0.000000	15.30	13.23	0.00	23
CLCT	2011-10-28	0.431220	2.319000e+5	14.890	13.230	17.580	13.230	14.380	14.890	13.230	14.890	0.350	0.000000	15.11	13.23	0.00	24
CLCT	2011-10-27	0.435495	2.296240e+5	14.950	13.230	17.760	13.230	14.380	14.790	13.230	14.950	0.140	0.000000	15.17	13.23	0.00	25
CLCT	2011-10-26	0.451047	2.217060e+5	14.960	13.230	18.150	13.230	14.380	14.640	13.230	14.960	0.420	0.000000	15.19	13.23	0.00	26
CLCT	2011-10-25	0.452681	2.209060e+5	15.210	13.230	18.150	13.230	14.230	14.640	13.230	15.210	0.230	0.000000	15.44	13.23	0.00	27
CLCT	2011-10-24	0.464401	2.153310e+5	15.210	13.230	18.150	13.230	14.230	14.640	13.230	15.210	0.190	0.000000	15.44	13.23	0.00	28
CLCT	2011-10-21	0.478843	2.088370e+5	15.210	13.230	18.150	13.230	14.230	14.620	13.230	15.210	0.280	0.000000	15.45	13.23	0.00	29
CLCT	2011-10-20	0.489309	2.043700e+5	15.210	13.230	18.150	13.230	14.230	14.580	13.230	15.210	0.260	0.000000	15.45	13.23	0.00	30
CLCT	2011-10-19	0.501378	1.994500e+5	15.400	13.230	18.150	13.230	14.100	14.510	13.230	15.400	0.340	0.000000	15.65	13.23	0.00	31
CLCT	2011-10-18	0.509871	1.961280e+5	15.400	13.230	18.150	13.230	13.230	14.510	13.230	15.400	0.340	0.000000	15.65	13.23	0.00	32
CLCT	2011-10-17	0.518812	1.927480e+5	15.560	13.230	18.150	13.230	13.230	14.510	13.230	15.560	0.320	0.000000	15.82	13.23	0.00	33
CLCT	2011-10-14	0.529275	1.889380e+5	15.720	13.230	18.150	13.230	13.230	14.690	13.230	15.720	0.280	0.000000	15.98	13.23	0.00	34
CLCT	2011-10-13	0.542395	1.843670e+5	15.720	13.230	18.150	13.230	13.230	14.950	13.230	15.720	0.270	0.000000	15.99	13.23	0.00	35
CLCT	2011-10-12	0.556732	1.796200e+5	15.720	13.230	18.150	13.230	13.230	14.960	13.230	15.720	0.280	0.000000	16.00	13.23	0.00	36
CLCT	2011-10-11	0.571297	1.750400e+5	15.720	13.230	18.150	13.230	13.230	15.210	13.230	15.720	0.530	0.000000	16.01	13.23	0.00	37
CLCT	2011-10-10	0.573470	1.743770e+5	15.860	13.230	18.150	13.230	13.230	15.210	13.230	15.860	0.770	0.000000	16.15	13.23	0.00	38
CLCT	2011-10-07	0.563127	1.775800e+5	16.280	13.230	18.150	13.230	13.230	15.210	13.230	16.280	0.190	0.000000	16.56	13.23	0.00	39
CLCT	2011-10-06	0.582765	1.715960e+5	16.450	13.230	18.150	13.230	13.230	15.210	13.230	16.450	0.550	0.000000	16.74	13.23	0.00	40
CLCT	2011-10-05	0.584489	1.710900e+5	16.750	13.230	18.150	13.230	13.230	15.400	13.230	16.750	1.180	0.000000	17.04	13.23	0.00	41
CLCT	2011-10-04	0.553147	1.807840e+5	16.750	13.450	18.150	13.450	13.450	15.400	13.450	16.750	1.190	0.000000	17.03	13.45	0.00	42
CLCT	2011-10-03	0.519628	1.924450e+5	16.750	14.690	18.150	14.690	14.690	15.560	14.690	16.750	2.250	0.000000	17.01	14.69	0.00	43
CLCT	2011-09-30	0.428556	2.333420e+5	16.750	14.950	18.150	14.950	14.950	15.720	14.950	16.750	0.370	0.000000	16.96	14.95	0.00	44
CLCT	2011-09-29	0.431638	2.316760e+5	16.750	14.960	18.150	14.960	14.960	15.720	14.960	16.750	0.300	0.000000	16.97	14.96	0.00	45
CLCT	2011-09-28	0.438566	2.280160e+5	16.890	15.010	18.150	15.010	15.010	15.720	15.010	16.890	0.400	0.000000	17.11	15.01	0.00	46
CLCT	2011-09-27	0.440596	2.269650e+5	16.890	15.010	18.150	15.010	15.010	15.720	15.010	16.890	0.360	0.000000	17.11	15.01	0.00	47
CLCT	2011-09-26	0.444838	2.248010e+5	17.200	15.010	18.150	15.010	15.010	15.860	15.010	17.200	0.160	0.000000	17.42	15.01	0.00	48
CLCT	2011-09-23	0.459829	2.174720e+5	17.250	15.010	18.150	15.010	15.010	16.280	15.010	17.250	0.350	0.000000	17.48	15.01	0.00	49
CLCT	2011-09-22	0.465610	2.147720e+5	17.300	15.010	18.150	15.010	15.010	16.450	15.010	17.300	0.440	0.000000	17.53	15.01	0.00	50
CLCT	2011-09-21	0.466957	2.141520e+5	17.350	15.010	18.150	15.010	15.010	16.750	15.010	17.350	0.240	0.000000	17.58	15.01	0.00	51
CLCT	2011-09-20	0.478903	2.088110e+5	17.350	15.010	18.150	15.010	15.010	16.750	15.010	17.350	0.480	0.000000	17.59	15.01	0.00	52
CLCT	2011-09-19	0.478845	2.088360e+5	17.350	15.010	18.150	14.820	15.010	16.750	15.010	17.350	0.490	0.000000	17.59	15.01	0.00	53
