#Header line 	date 	volatility 	unit 		brkh20 	brkl20 	brkh55 	brkl55 	low10 	high10 	low20 	high20 	truerng	ignore20	add 	sellall	normalizedprice
POR	2011-12-01	0.473829	2.110470e+5	25.280	23.550	25.280	22.750	23.550	25.050	23.550	25.280	0.280	0.000000	25.52	23.55	0.00	1
POR	2011-11-30	0.484030	2.065990e+5	25.280	23.550	25.280	22.750	23.550	24.520	23.550	25.280	0.710	0.000000	25.52	23.55	0.00	2
POR	2011-11-29	0.472137	2.118030e+5	25.280	23.550	25.280	22.750	23.550	24.670	23.550	25.280	0.380	0.000000	25.52	23.55	0.00	3
POR	2011-11-28	0.476986	2.096500e+5	25.280	23.550	25.280	22.750	23.550	24.990	23.550	25.280	0.590	0.000000	25.52	23.55	0.00	4
POR	2011-11-25	0.471038	2.122970e+5	25.280	23.550	25.280	22.750	23.550	24.990	23.550	25.280	0.270	0.000000	25.52	23.55	0.00	5
POR	2011-11-23	0.481619	2.076330e+5	25.280	23.770	25.280	22.750	23.770	24.990	23.770	25.280	0.290	0.000000	25.52	23.77	0.00	6
POR	2011-11-22	0.491705	2.033740e+5	25.280	24.040	25.280	22.750	24.040	25.280	24.040	25.280	0.380	0.000000	25.53	24.04	0.00	7
POR	2011-11-21	0.497584	2.009710e+5	25.280	24.100	25.280	22.750	24.100	25.280	24.100	25.280	0.440	0.000000	25.53	24.10	0.00	8
POR	2011-11-18	0.500614	1.997550e+5	25.280	24.100	25.280	22.750	24.100	25.280	24.100	25.280	0.390	0.000000	25.53	24.10	0.00	9
POR	2011-11-17	0.506436	1.974580e+5	25.280	24.120	25.280	22.750	24.250	25.280	24.120	25.280	0.440	0.000000	25.53	24.12	0.00	10
POR	2011-11-16	0.509933	1.961040e+5	25.280	24.100	25.280	22.750	24.440	25.280	24.100	25.280	0.420	0.000000	25.54	24.10	0.00	11
POR	2011-11-15	0.514666	1.943010e+5	25.280	24.100	25.280	22.750	24.200	25.280	24.100	25.280	0.640	0.000000	25.54	24.10	0.00	12
POR	2011-11-14	0.508070	1.968230e+5	25.280	24.040	25.280	22.750	24.200	25.280	24.040	25.280	0.370	0.000000	25.53	24.04	0.00	13
POR	2011-11-11	0.515337	1.940480e+5	25.280	24.040	25.280	22.750	24.200	25.280	24.040	25.280	0.640	0.000000	25.54	24.04	0.00	14
POR	2011-11-10	0.508775	1.965500e+5	25.280	24.040	25.280	22.750	24.200	25.280	24.040	25.280	0.350	0.000000	25.53	24.04	0.00	15
POR	2011-11-09	0.517132	1.933740e+5	25.280	23.990	25.280	22.750	24.200	25.280	23.990	25.280	0.860	0.000000	25.54	23.99	0.00	16
POR	2011-11-08	0.499086	2.003660e+5	25.180	23.800	25.180	22.730	24.200	25.180	23.800	25.180	0.470	0.000000	25.43	23.80	0.00	17
POR	2011-11-07	0.500617	1.997530e+5	25.180	23.800	25.180	22.550	24.200	25.180	23.800	25.180	0.410	0.000000	25.43	23.80	0.00	18
POR	2011-11-04	0.505386	1.978680e+5	25.180	23.220	25.180	22.550	24.200	25.180	23.220	25.180	0.440	0.000000	25.43	23.22	0.00	19
POR	2011-11-03	0.508828	1.965300e+5	24.840	23.220	24.840	22.550	24.120	24.840	23.220	24.840	0.690	0.000000	25.09	23.22	0.00	20
POR	2011-11-02	0.499292	2.002830e+5	24.840	22.900	24.840	22.550	24.100	24.840	22.900	24.840	0.760	0.000000	25.09	22.90	0.00	21
POR	2011-11-01	0.485571	2.059430e+5	24.840	22.900	24.840	22.550	24.100	24.840	22.900	24.840	0.530	0.000000	25.08	22.90	0.00	22
POR	2011-10-31	0.483233	2.069400e+5	24.840	22.750	24.840	22.550	24.040	24.840	22.750	24.840	0.360	0.000000	25.08	22.75	0.00	23
POR	2011-10-28	0.489718	2.041990e+5	24.840	22.750	24.840	22.550	24.040	24.840	22.750	24.840	0.420	0.000000	25.08	22.75	0.00	24
POR	2011-10-27	0.493388	2.026800e+5	24.820	22.750	24.820	21.820	24.040	24.820	22.750	24.820	0.680	0.000000	25.07	22.75	0.00	25
POR	2011-10-26	0.483566	2.067970e+5	24.820	22.750	24.820	21.820	23.990	24.820	22.750	24.820	0.310	0.000000	25.06	22.75	0.00	26
POR	2011-10-25	0.492701	2.029630e+5	24.820	22.750	24.820	21.490	23.800	24.820	22.750	24.820	0.480	0.000000	25.07	22.75	0.00	27
POR	2011-10-24	0.493370	2.026880e+5	24.730	22.750	24.730	21.490	23.800	24.730	22.750	24.730	0.330	0.000000	24.98	22.75	0.00	28
POR	2011-10-21	0.501968	1.992160e+5	24.210	22.750	24.590	21.490	23.220	24.210	22.750	24.210	0.610	0.000000	24.46	22.75	0.00	29
POR	2011-10-20	0.496282	2.014980e+5	24.210	22.750	24.590	21.490	23.220	24.210	22.750	24.210	0.330	0.000000	24.46	22.75	0.00	30
POR	2011-10-19	0.505034	1.980060e+5	24.210	22.750	24.590	21.490	22.900	24.210	22.750	24.210	0.500	0.000000	24.46	22.75	0.00	31
POR	2011-10-18	0.505299	1.979030e+5	24.250	22.750	24.860	21.490	22.900	24.180	22.750	24.250	0.440	0.000000	24.50	22.75	0.00	32
POR	2011-10-17	0.508736	1.965660e+5	24.250	22.750	24.860	21.490	22.750	24.180	22.750	24.250	0.220	0.000000	24.50	22.75	0.00	33
POR	2011-10-14	0.523932	1.908640e+5	24.590	22.750	25.010	21.490	22.750	24.110	22.750	24.590	0.270	0.000000	24.85	22.75	0.00	34
POR	2011-10-13	0.537297	1.861170e+5	24.590	22.750	25.170	21.490	22.750	23.990	22.750	24.590	0.400	0.000000	24.86	22.75	0.00	35
POR	2011-10-12	0.544523	1.836470e+5	24.590	22.750	25.400	21.490	22.750	23.910	22.750	24.590	0.360	0.000000	24.86	22.75	0.00	36
POR	2011-10-11	0.554235	1.804290e+5	24.590	22.750	25.480	21.490	22.750	23.960	22.750	24.590	0.320	0.000000	24.87	22.75	0.00	37
POR	2011-10-10	0.566563	1.765030e+5	24.590	22.750	25.630	21.490	22.750	23.960	22.750	24.590	0.690	0.000000	24.87	22.75	0.00	38
POR	2011-10-07	0.560067	1.785500e+5	24.590	22.750	25.860	21.490	22.750	23.960	22.750	24.590	0.420	0.000000	24.87	22.75	0.00	39
POR	2011-10-06	0.567438	1.762310e+5	24.590	22.750	25.860	21.490	22.750	23.960	22.750	24.590	0.550	0.000000	24.87	22.75	0.00	40
POR	2011-10-05	0.568356	1.759460e+5	24.590	22.750	25.860	21.490	22.750	24.150	22.750	24.590	0.370	0.000000	24.87	22.75	0.00	41
POR	2011-10-04	0.578796	1.727720e+5	24.590	22.750	25.860	21.490	22.750	24.250	22.750	24.590	0.750	0.000000	24.88	22.75	0.00	42
POR	2011-10-03	0.569785	1.755050e+5	24.590	23.170	25.860	21.490	23.170	24.250	23.170	24.590	1.080	0.000000	24.87	23.17	0.00	43
POR	2011-09-30	0.542932	1.841850e+5	24.590	23.170	25.860	21.490	23.170	24.590	23.170	24.590	0.440	0.000000	24.86	23.17	0.00	44
POR	2011-09-29	0.548349	1.823650e+5	24.590	23.170	25.860	21.490	23.170	24.590	23.170	24.590	0.500	0.000000	24.86	23.17	0.00	45
POR	2011-09-28	0.550894	1.815230e+5	24.590	23.170	25.860	21.490	23.170	24.590	23.170	24.590	0.690	0.000000	24.87	23.17	0.00	46
POR	2011-09-27	0.543573	1.839680e+5	24.590	23.170	25.860	21.490	23.170	24.590	23.170	24.590	0.500	0.000000	24.86	23.17	0.00	47
POR	2011-09-26	0.545866	1.831950e+5	24.590	23.170	25.860	21.490	23.170	24.590	23.170	24.590	0.420	0.000000	24.86	23.17	0.00	48
POR	2011-09-23	0.552491	1.809990e+5	24.590	23.170	25.940	21.490	23.170	24.590	23.170	24.590	0.410	0.000000	24.87	23.17	0.00	49
POR	2011-09-22	0.559990	1.785750e+5	24.590	23.210	25.940	21.490	23.210	24.590	23.210	24.590	1.300	0.000000	24.87	23.21	0.00	50
POR	2011-09-21	0.521042	1.919230e+5	24.590	23.210	25.940	21.490	23.210	24.590	23.210	24.590	0.420	0.000000	24.85	23.21	0.00	51
POR	2011-09-20	0.526360	1.899840e+5	24.590	22.730	25.940	21.490	23.210	24.590	22.730	24.590	0.530	0.000000	24.85	22.73	0.00	52
POR	2011-09-19	0.526169	1.900530e+5	24.590	22.550	25.940	21.490	23.210	24.590	22.550	24.590	0.510	0.000000	24.85	22.55	0.00	53
