#Header line 	date 	volatility 	unit 		brkh20 	brkl20 	brkh55 	brkl55 	low10 	high10 	low20 	high20 	truerng	ignore20	add 	sellall	normalizedprice
HMIN	2011-12-01	1.870380	5.346500e+4	35.290	28.960	37.110	25.000	28.960	33.220	28.960	35.290	1.560	0.000000	36.23	28.96	0.00	1
HMIN	2011-11-30	1.886720	5.300210e+4	35.290	28.960	37.110	25.000	28.960	33.420	28.960	35.290	2.060	0.000000	36.23	28.96	0.00	2
HMIN	2011-11-29	1.877600	5.325950e+4	35.290	28.960	37.110	25.000	28.960	33.420	28.960	35.290	1.230	0.000000	36.23	28.96	0.00	3
HMIN	2011-11-28	1.911680	5.230990e+4	35.290	28.960	37.110	25.000	28.960	35.290	28.960	35.290	2.080	0.000000	36.25	28.96	0.00	4
HMIN	2011-11-25	1.902820	5.255350e+4	35.290	28.980	37.110	25.000	28.980	35.290	28.980	35.290	0.820	0.000000	36.24	28.98	0.00	5
HMIN	2011-11-23	1.959810	5.102520e+4	35.290	29.340	37.110	25.000	29.340	35.290	29.340	35.290	1.060	0.000000	36.27	29.34	0.00	6
HMIN	2011-11-22	2.007170	4.982130e+4	35.290	29.340	37.110	25.000	29.340	35.290	29.340	35.290	1.380	0.000000	36.29	29.34	0.00	7
HMIN	2011-11-21	2.040180	4.901520e+4	35.290	31.030	37.110	25.000	31.030	35.290	31.030	35.290	2.310	0.000000	36.31	31.03	0.00	8
HMIN	2011-11-18	2.025980	4.935880e+4	35.290	31.040	37.110	25.000	31.230	35.290	31.040	35.290	2.500	0.000000	36.30	31.04	0.00	9
HMIN	2011-11-17	2.001030	4.997420e+4	35.290	29.920	38.240	25.000	31.230	35.290	29.920	35.290	1.680	0.000000	36.29	29.92	0.00	10
HMIN	2011-11-16	2.017930	4.955570e+4	35.290	29.920	38.240	25.000	31.230	35.290	29.920	35.290	1.180	0.000000	36.30	29.92	0.00	11
HMIN	2011-11-15	2.062030	4.849590e+4	35.290	29.920	38.240	25.000	31.230	35.290	29.920	35.290	0.730	0.000000	36.32	29.92	0.00	12
HMIN	2011-11-14	2.132140	4.690130e+4	35.290	29.000	38.240	25.000	31.230	35.290	29.000	35.290	2.800	0.000000	36.36	29.00	0.00	13
HMIN	2011-11-11	2.096990	4.768750e+4	35.070	29.000	38.240	25.000	31.230	35.070	29.000	35.070	3.550	0.000000	36.12	29.00	0.00	14
HMIN	2011-11-10	2.020510	4.949240e+4	35.070	29.000	38.240	25.000	31.230	35.070	29.000	35.070	1.670	0.000000	36.08	29.00	0.00	15
HMIN	2011-11-09	2.038960	4.904460e+4	35.070	29.000	38.240	25.000	32.000	35.070	29.000	35.070	2.500	0.000000	36.09	29.00	0.00	16
HMIN	2011-11-08	2.014700	4.963530e+4	35.070	29.000	38.240	25.000	31.040	35.070	29.000	35.070	1.260	0.000000	36.08	29.00	0.00	17
HMIN	2011-11-07	2.054420	4.867560e+4	35.070	28.580	38.240	25.000	31.040	35.070	28.580	35.070	1.800	0.000000	36.10	28.58	0.00	18
HMIN	2011-11-04	2.067810	4.836040e+4	35.070	26.510	38.240	25.000	31.040	35.070	26.510	35.070	0.970	0.000000	36.10	26.51	0.00	19
HMIN	2011-11-03	2.125590	4.704580e+4	35.070	26.510	38.240	25.000	29.920	35.070	26.510	35.070	1.410	0.000000	36.13	26.51	0.00	20
HMIN	2011-11-02	2.163250	4.622680e+4	35.070	26.040	38.240	25.000	29.920	35.070	26.040	35.070	2.010	0.000000	36.15	26.04	0.00	21
HMIN	2011-11-01	2.171310	4.605500e+4	35.070	26.040	38.240	25.000	29.920	35.070	26.040	35.070	2.060	0.000000	36.16	26.04	0.00	22
HMIN	2011-10-31	2.177170	4.593110e+4	35.070	25.000	38.240	25.000	29.000	35.070	25.000	35.070	1.060	0.000000	36.16	25.00	0.00	23
HMIN	2011-10-28	2.235970	4.472330e+4	34.360	25.000	38.240	25.000	29.000	34.360	25.000	34.360	1.150	0.000000	35.48	25.00	0.00	24
HMIN	2011-10-27	2.293130	4.360850e+4	32.170	25.000	38.240	25.000	29.000	32.170	25.000	32.170	2.500	0.000000	33.32	25.00	0.00	25
HMIN	2011-10-26	2.282240	4.381660e+4	32.170	25.000	38.240	25.000	29.000	32.170	25.000	32.170	1.480	0.000000	33.31	25.00	0.00	26
HMIN	2011-10-25	2.324460	4.302070e+4	33.080	25.000	38.240	25.000	29.000	32.170	25.000	33.080	1.820	0.000000	34.24	25.00	0.00	27
HMIN	2011-10-24	2.351010	4.253480e+4	33.080	25.000	38.240	25.000	28.580	31.620	25.000	33.080	1.740	0.000000	34.26	25.00	0.00	28
HMIN	2011-10-21	2.383170	4.196090e+4	33.730	25.000	38.240	25.000	26.510	31.620	25.000	33.730	1.880	0.000000	34.92	25.00	0.00	29
HMIN	2011-10-20	2.409660	4.149970e+4	33.730	25.000	38.240	25.000	26.510	31.620	25.000	33.730	1.750	0.000000	34.93	25.00	0.00	30
HMIN	2011-10-19	2.444370	4.091030e+4	36.190	25.000	38.240	25.000	26.040	31.620	25.000	36.190	1.310	0.000000	37.41	25.00	0.00	31
HMIN	2011-10-18	2.504080	3.993480e+4	36.570	25.000	40.900	25.000	26.040	31.620	25.000	36.570	2.740	0.000000	37.82	25.00	0.00	32
HMIN	2011-10-17	2.491660	4.013390e+4	36.750	25.000	40.900	25.000	25.000	31.620	25.000	36.750	2.970	0.000000	38.00	25.00	0.00	33
HMIN	2011-10-14	2.466490	4.054350e+4	36.750	25.000	40.900	25.000	25.000	31.620	25.000	36.750	1.930	0.000000	37.98	25.00	0.00	34
HMIN	2011-10-13	2.494720	4.008460e+4	37.110	25.000	40.900	25.000	25.000	31.620	25.000	37.110	1.750	0.000000	38.36	25.00	0.00	35
HMIN	2011-10-12	2.533920	3.946460e+4	37.110	25.000	40.900	25.000	25.000	30.050	25.000	37.110	2.360	0.000000	38.38	25.00	0.00	36
HMIN	2011-10-11	2.543070	3.932250e+4	37.110	25.000	40.900	25.000	25.000	33.080	25.000	37.110	2.250	0.000000	38.38	25.00	0.00	37
HMIN	2011-10-10	2.558500	3.908550e+4	37.110	25.000	40.900	25.000	25.000	33.080	25.000	37.110	2.680	0.000000	38.39	25.00	0.00	38
HMIN	2011-10-07	2.552100	3.918340e+4	37.110	25.000	40.900	25.000	25.000	33.730	25.000	37.110	2.760	0.000000	38.39	25.00	0.00	39
HMIN	2011-10-06	2.541160	3.935210e+4	37.110	25.000	40.900	25.000	25.000	33.730	25.000	37.110	2.600	0.000000	38.38	25.00	0.00	40
HMIN	2011-10-05	2.538060	3.940010e+4	37.110	25.000	40.900	25.000	25.000	36.190	25.000	37.110	1.650	0.000000	38.38	25.00	0.00	41
HMIN	2011-10-04	2.584800	3.868770e+4	37.110	25.000	40.900	25.000	25.000	36.570	25.000	37.110	3.600	0.000000	38.40	25.00	0.00	42
HMIN	2011-10-03	2.531370	3.950430e+4	37.110	25.770	40.900	25.770	25.770	36.750	25.770	37.110	4.290	0.000000	38.38	25.77	0.00	43
HMIN	2011-09-30	2.438810	4.100360e+4	37.110	28.000	40.900	28.000	28.000	36.750	28.000	37.110	7.400	0.000000	38.33	28.00	0.00	44
HMIN	2011-09-29	2.177700	4.592010e+4	38.240	28.000	40.900	28.000	28.000	37.110	28.000	38.240	3.040	0.000000	39.33	28.00	0.00	45
HMIN	2011-09-28	2.132310	4.689740e+4	38.240	32.140	40.900	32.140	32.140	37.110	32.140	38.240	7.750	0.000000	39.31	32.14	0.00	46
HMIN	2011-09-27	1.836640	5.444710e+4	38.240	32.140	40.900	32.140	32.140	37.110	32.140	38.240	1.960	0.000000	39.16	32.14	0.00	47
HMIN	2011-09-26	1.830150	5.464030e+4	38.240	33.070	40.900	33.000	33.070	37.110	33.070	38.240	2.120	0.000000	39.16	33.07	0.00	48
HMIN	2011-09-23	1.814900	5.509950e+4	38.240	33.070	40.900	33.000	33.070	37.110	33.070	38.240	1.490	0.000000	39.15	33.07	0.00	49
HMIN	2011-09-22	1.832000	5.458520e+4	38.240	34.990	40.900	33.000	35.420	37.110	34.990	38.240	3.510	0.000000	39.16	34.99	0.00	50
HMIN	2011-09-21	1.743680	5.734990e+4	38.240	34.990	40.900	33.000	35.420	37.110	34.990	38.240	1.750	0.000000	39.11	34.99	0.00	51
HMIN	2011-09-20	1.743350	5.736090e+4	38.240	33.950	40.900	33.000	35.420	37.110	33.950	38.240	1.520	0.000000	39.11	33.95	0.00	52
HMIN	2011-09-19	1.755100	5.697670e+4	38.240	33.950	40.900	33.000	35.420	37.110	33.950	38.240	1.760	0.000000	39.12	33.95	0.00	53
