#Header line 	date 	volatility 	unit 		brkh20 	brkl20 	brkh55 	brkl55 	low10 	high10 	low20 	high20 	truerng	ignore20	add 	sellall	normalizedprice
BPF-UN	2011-12-01	0.186599	5.359100e+5	13.980	13.390	13.980	12.410	13.390	13.920	13.390	13.980	0.110	0.000000	14.07	13.39	0.00	1
BPF-UN	2011-11-30	0.190630	5.245760e+5	13.980	13.390	13.980	12.410	13.390	13.950	13.390	13.980	0.090	0.000000	14.08	13.39	0.00	2
BPF-UN	2011-11-29	0.195926	5.103960e+5	13.980	13.350	13.980	12.410	13.390	13.980	13.350	13.980	0.130	0.000000	14.08	13.35	0.00	3
BPF-UN	2011-11-28	0.199396	5.015140e+5	13.980	13.350	13.980	12.410	13.390	13.980	13.350	13.980	0.280	0.000000	14.08	13.35	0.00	4
BPF-UN	2011-11-25	0.195154	5.124160e+5	13.980	13.300	13.980	12.410	13.390	13.980	13.300	13.980	0.240	0.000000	14.08	13.30	0.00	5
BPF-UN	2011-11-24	0.192794	5.186890e+5	13.980	13.040	13.980	12.410	13.390	13.980	13.040	13.980	0.110	0.000000	14.08	13.04	0.00	6
BPF-UN	2011-11-23	0.197151	5.072250e+5	13.980	12.900	13.980	12.410	13.560	13.980	12.900	13.980	0.280	0.000000	14.08	12.90	0.00	7
BPF-UN	2011-11-22	0.192791	5.186970e+5	13.980	12.730	13.980	12.410	13.700	13.980	12.730	13.980	0.210	0.000000	14.08	12.73	0.00	8
BPF-UN	2011-11-21	0.191885	5.211450e+5	13.980	12.520	13.980	12.410	13.640	13.980	12.520	13.980	0.330	0.000000	14.08	12.52	0.00	9
BPF-UN	2011-11-18	0.184616	5.416650e+5	13.980	12.500	13.980	12.410	13.640	13.980	12.500	13.980	0.140	0.000000	14.07	12.50	0.00	10
BPF-UN	2011-11-17	0.186964	5.348620e+5	13.980	12.500	13.980	12.410	13.570	13.980	12.500	13.980	0.150	0.000000	14.07	12.50	0.00	11
BPF-UN	2011-11-16	0.188910	5.293540e+5	13.980	12.500	13.980	12.410	13.390	13.980	12.500	13.980	0.210	0.000000	14.07	12.50	0.00	12
BPF-UN	2011-11-15	0.187799	5.324830e+5	13.950	12.490	13.950	12.410	13.350	13.950	12.490	13.950	0.100	0.000000	14.04	12.49	0.00	13
BPF-UN	2011-11-14	0.192421	5.196950e+5	13.870	12.490	13.870	12.410	13.350	13.870	12.490	13.870	0.110	0.000000	13.97	12.49	0.00	14
BPF-UN	2011-11-11	0.196758	5.082370e+5	13.870	12.410	13.870	12.410	13.300	13.870	12.410	13.870	0.100	0.000000	13.97	12.41	0.00	15
BPF-UN	2011-11-10	0.201851	4.954150e+5	13.870	12.410	13.870	12.410	13.040	13.870	12.410	13.870	0.070	0.000000	13.97	12.41	0.00	16
BPF-UN	2011-11-09	0.208791	4.789490e+5	13.870	12.410	13.870	12.410	12.900	13.870	12.410	13.870	0.250	0.000000	13.97	12.41	0.00	17
BPF-UN	2011-11-08	0.206622	4.839770e+5	13.660	12.410	13.660	12.410	12.730	13.660	12.410	13.660	0.260	0.000000	13.76	12.41	0.00	18
BPF-UN	2011-11-07	0.203812	4.906480e+5	13.660	12.410	13.660	12.410	12.520	13.660	12.410	13.660	0.060	0.000000	13.76	12.41	0.00	19
BPF-UN	2011-11-04	0.211381	4.730790e+5	13.570	12.410	13.570	12.410	12.500	13.570	12.410	13.570	0.180	0.000000	13.68	12.41	0.00	20
BPF-UN	2011-11-03	0.213033	4.694110e+5	13.400	12.410	13.650	12.410	12.500	13.400	12.410	13.400	0.200	0.000000	13.51	12.41	0.00	21
BPF-UN	2011-11-02	0.213719	4.679040e+5	13.400	12.410	13.900	12.410	12.500	13.400	12.410	13.400	0.040	0.000000	13.51	12.41	0.00	22
BPF-UN	2011-11-01	0.222862	4.487080e+5	13.400	12.410	13.900	12.410	12.490	13.400	12.410	13.400	0.140	0.000000	13.51	12.41	0.00	23
BPF-UN	2011-10-31	0.227223	4.400960e+5	13.300	12.410	13.900	12.410	12.490	13.300	12.410	13.300	0.120	0.000000	13.41	12.41	0.00	24
BPF-UN	2011-10-28	0.232866	4.294310e+5	13.040	12.410	13.900	12.410	12.410	13.040	12.410	13.040	0.300	0.000000	13.16	12.41	0.00	25
BPF-UN	2011-10-27	0.229333	4.360470e+5	12.980	12.410	13.900	12.200	12.410	12.900	12.410	12.980	0.310	0.000000	13.09	12.41	0.00	26
BPF-UN	2011-10-26	0.225087	4.442720e+5	12.980	12.410	13.900	11.630	12.410	12.730	12.410	12.980	0.170	0.000000	13.09	12.41	0.00	27
BPF-UN	2011-10-25	0.227987	4.386220e+5	12.980	12.410	13.900	11.630	12.410	12.650	12.410	12.980	0.280	0.000000	13.09	12.41	0.00	28
BPF-UN	2011-10-24	0.225249	4.439530e+5	12.980	12.410	13.900	11.630	12.410	12.650	12.410	12.980	0.250	0.000000	13.09	12.41	0.00	29
BPF-UN	2011-10-21	0.223947	4.465350e+5	12.980	12.410	13.900	11.630	12.410	12.650	12.410	12.980	0.240	0.000000	13.09	12.41	0.00	30
BPF-UN	2011-10-20	0.223102	4.482260e+5	12.980	12.410	13.900	11.630	12.410	12.650	12.410	12.980	0.110	0.000000	13.09	12.41	0.00	31
BPF-UN	2011-10-19	0.229054	4.365780e+5	12.980	12.410	13.900	11.630	12.410	12.700	12.410	12.980	0.200	0.000000	13.09	12.41	0.00	32
BPF-UN	2011-10-18	0.230584	4.336820e+5	13.000	12.410	13.900	11.630	12.410	12.730	12.410	13.000	0.160	0.000000	13.12	12.41	0.00	33
BPF-UN	2011-10-17	0.234298	4.268060e+5	13.070	12.410	13.900	11.630	12.410	12.980	12.410	13.070	0.140	0.000000	13.19	12.41	0.00	34
BPF-UN	2011-10-14	0.239262	4.179530e+5	13.190	12.450	13.900	11.630	12.450	12.980	12.450	13.190	0.230	0.000000	13.31	12.45	0.00	35
BPF-UN	2011-10-13	0.239749	4.171030e+5	13.190	12.490	13.900	11.630	12.490	12.980	12.490	13.190	0.090	0.000000	13.31	12.49	0.00	36
BPF-UN	2011-10-12	0.247631	4.038270e+5	13.190	12.490	13.900	11.630	12.490	12.980	12.490	13.190	0.150	0.000000	13.31	12.49	0.00	37
BPF-UN	2011-10-11	0.252769	3.956180e+5	13.190	12.490	13.900	11.630	12.490	12.980	12.490	13.190	0.060	0.000000	13.32	12.49	0.00	38
BPF-UN	2011-10-07	0.262915	3.803510e+5	13.190	12.500	13.900	11.630	12.500	12.980	12.500	13.190	0.070	0.000000	13.32	12.50	0.00	39
BPF-UN	2011-10-06	0.273068	3.662090e+5	13.240	12.500	13.900	11.630	12.500	12.980	12.500	13.240	0.090	0.000000	13.38	12.50	0.00	40
BPF-UN	2011-10-05	0.282703	3.537280e+5	13.240	12.550	13.900	11.630	12.550	12.980	12.550	13.240	0.410	0.000000	13.38	12.55	0.00	41
BPF-UN	2011-10-04	0.276003	3.623140e+5	13.240	12.550	13.900	11.630	12.550	12.980	12.550	13.240	0.470	0.000000	13.38	12.55	0.00	42
BPF-UN	2011-10-03	0.265793	3.762320e+5	13.240	12.550	13.900	11.630	12.550	13.000	12.550	13.240	0.280	0.000000	13.37	12.55	0.00	43
BPF-UN	2011-09-30	0.265045	3.772940e+5	13.240	12.550	13.900	11.630	12.550	13.070	12.550	13.240	0.060	0.000000	13.37	12.55	0.00	44
BPF-UN	2011-09-29	0.275837	3.625330e+5	13.280	12.550	13.900	11.630	12.550	13.190	12.550	13.280	0.150	0.000000	13.42	12.55	0.00	45
BPF-UN	2011-09-28	0.282460	3.540320e+5	13.280	12.550	13.900	11.630	12.550	13.190	12.550	13.280	0.330	0.000000	13.42	12.55	0.00	46
BPF-UN	2011-09-27	0.279958	3.571960e+5	13.290	12.550	13.900	11.630	12.550	13.190	12.550	13.290	0.420	0.000000	13.43	12.55	0.00	47
BPF-UN	2011-09-26	0.272588	3.668550e+5	13.290	12.550	13.900	11.630	12.550	13.190	12.550	13.290	0.270	0.000000	13.43	12.55	0.00	48
BPF-UN	2011-09-23	0.272724	3.666710e+5	13.290	12.720	13.900	11.630	12.720	13.190	12.720	13.290	0.430	0.000000	13.43	12.72	0.00	49
BPF-UN	2011-09-22	0.264446	3.781490e+5	13.290	12.900	13.900	11.630	12.900	13.240	12.900	13.290	0.260	0.000000	13.42	12.90	0.00	50
BPF-UN	2011-09-21	0.264680	3.778150e+5	13.290	12.900	13.900	11.630	12.900	13.240	12.900	13.290	0.120	0.000000	13.42	12.90	0.00	51
BPF-UN	2011-09-20	0.272295	3.672490e+5	13.290	12.920	13.900	11.630	12.920	13.240	12.920	13.290	0.260	0.000000	13.43	12.92	0.00	52
BPF-UN	2011-09-19	0.272942	3.663780e+5	13.290	12.920	13.900	11.630	12.920	13.240	12.920	13.290	0.270	0.000000	13.43	12.92	0.00	53
