#Header line 	date 	volatility 	unit 		brkh20 	brkl20 	brkh55 	brkl55 	low10 	high10 	low20 	high20 	truerng	ignore20	add 	sellall	normalizedprice
DVN	2011-12-01	2.349880	4.255530e+4	69.370	58.580	69.370	53.340	58.580	66.160	58.580	69.370	1.500	0.000000	70.54	58.58	0.00	1
DVN	2011-11-30	2.394610	4.176040e+4	69.370	58.580	69.370	53.340	58.580	66.970	58.580	69.370	4.330	0.000000	70.57	58.58	0.00	2
DVN	2011-11-29	2.292750	4.361570e+4	69.370	58.580	69.370	53.340	58.580	66.970	58.580	69.370	1.620	0.000000	70.52	58.58	0.00	3
DVN	2011-11-28	2.328160	4.295240e+4	69.370	58.580	69.370	53.340	58.580	68.470	58.580	69.370	3.170	0.000000	70.53	58.58	0.00	4
DVN	2011-11-25	2.283850	4.378560e+4	69.370	59.520	69.370	53.340	59.520	68.470	59.520	69.370	1.200	0.000000	70.51	59.52	0.00	5
DVN	2011-11-23	2.340900	4.271860e+4	69.370	61.700	69.370	53.340	61.700	68.470	61.700	69.370	2.190	0.000000	70.54	61.70	0.00	6
DVN	2011-11-22	2.348840	4.257420e+4	69.370	61.600	69.370	53.340	62.710	69.370	61.600	69.370	1.540	0.000000	70.54	61.60	0.00	7
DVN	2011-11-21	2.391410	4.181630e+4	69.370	61.600	69.370	53.340	63.720	69.370	61.600	69.370	2.220	0.000000	70.57	61.60	0.00	8
DVN	2011-11-18	2.400430	4.165920e+4	69.370	61.600	69.370	53.340	63.940	69.370	61.600	69.370	1.630	0.000000	70.57	61.60	0.00	9
DVN	2011-11-17	2.440980	4.096710e+4	69.370	61.600	69.370	53.340	65.380	69.370	61.600	69.370	2.850	0.000000	70.59	61.60	0.00	10
DVN	2011-11-16	2.419450	4.133160e+4	69.370	61.600	69.370	53.340	65.380	69.370	61.600	69.370	2.130	0.000000	70.58	61.60	0.00	11
DVN	2011-11-15	2.434690	4.107300e+4	69.370	61.530	69.370	53.340	62.410	69.370	61.530	69.370	1.760	0.000000	70.59	61.53	0.00	12
DVN	2011-11-14	2.470200	4.048260e+4	69.370	59.680	69.370	53.340	62.410	69.370	59.680	69.370	1.960	0.000000	70.61	59.68	0.00	13
DVN	2011-11-11	2.497050	4.004720e+4	69.370	59.680	69.370	53.340	62.410	69.370	59.680	69.370	1.760	0.000000	70.62	59.68	0.00	14
DVN	2011-11-10	2.535840	3.943460e+4	69.370	59.040	69.370	53.340	62.410	69.370	59.040	69.370	2.080	0.000000	70.64	59.04	0.00	15
DVN	2011-11-09	2.559840	3.906500e+4	69.370	59.040	69.370	53.340	62.410	69.370	59.040	69.370	3.830	0.000000	70.65	59.04	0.00	16
DVN	2011-11-08	2.492980	4.011260e+4	68.150	58.780	68.150	53.340	61.600	68.150	58.780	68.150	3.670	0.000000	69.40	58.78	0.00	17
DVN	2011-11-07	2.431040	4.113470e+4	68.150	58.760	68.150	53.340	61.600	68.150	58.760	68.150	1.790	0.000000	69.37	58.76	0.00	18
DVN	2011-11-04	2.464770	4.057170e+4	68.150	56.480	68.150	53.340	61.600	68.150	56.480	68.150	1.450	0.000000	69.38	56.48	0.00	19
DVN	2011-11-03	2.518180	3.971120e+4	68.150	56.480	68.680	53.340	61.600	68.150	56.480	68.150	2.220	0.000000	69.41	56.48	0.00	20
DVN	2011-11-02	2.533880	3.946520e+4	68.150	56.340	68.940	53.340	61.600	68.150	56.340	68.150	4.110	0.000000	69.42	56.34	0.00	21
DVN	2011-11-01	2.450920	4.080090e+4	68.150	55.550	69.780	53.340	61.530	68.150	55.550	68.150	3.790	0.000000	69.38	55.55	0.00	22
DVN	2011-10-31	2.380450	4.200890e+4	68.150	53.340	69.780	53.340	59.680	68.150	53.340	68.150	3.240	0.000000	69.34	53.34	0.00	23
DVN	2011-10-28	2.335210	4.282280e+4	66.370	53.340	69.780	53.340	59.680	66.370	53.340	66.370	2.450	0.000000	67.54	53.34	0.00	24
DVN	2011-10-27	2.329170	4.293380e+4	64.410	53.340	69.780	53.340	59.040	64.410	53.340	64.410	4.200	0.000000	65.57	53.34	0.00	25
DVN	2011-10-26	2.230700	4.482900e+4	64.410	53.340	69.780	53.340	59.040	64.410	53.340	64.410	2.120	0.000000	65.53	53.34	0.00	26
DVN	2011-10-25	2.236530	4.471220e+4	64.410	53.340	69.780	53.340	58.780	64.410	53.340	64.410	2.390	0.000000	65.53	53.34	0.00	27
DVN	2011-10-24	2.228450	4.487430e+4	64.410	53.340	69.900	53.340	58.760	64.410	53.340	64.410	1.490	0.000000	65.52	53.34	0.00	28
DVN	2011-10-21	2.267310	4.410500e+4	62.790	53.340	71.650	53.340	56.480	62.790	53.340	62.790	1.680	0.000000	63.92	53.34	0.00	29
DVN	2011-10-20	2.298230	4.351180e+4	62.300	53.340	75.790	53.340	56.480	62.300	53.340	62.300	1.800	0.000000	63.45	53.34	0.00	30
DVN	2011-10-19	2.324450	4.302100e+4	61.610	53.340	75.790	53.340	56.340	61.530	53.340	61.610	1.850	0.000000	62.77	53.34	0.00	31
DVN	2011-10-18	2.349420	4.256370e+4	64.870	53.340	78.320	53.340	55.550	60.710	53.340	64.870	3.290	0.000000	66.04	53.34	0.00	32
DVN	2011-10-17	2.299920	4.347990e+4	64.870	53.340	78.700	53.340	53.340	60.710	53.340	64.870	1.460	0.000000	66.02	53.34	0.00	33
DVN	2011-10-14	2.344120	4.265990e+4	66.110	53.340	79.970	53.340	53.340	60.220	53.340	66.110	1.700	0.000000	67.28	53.34	0.00	34
DVN	2011-10-13	2.378020	4.205180e+4	66.110	53.340	81.610	53.340	53.340	60.220	53.340	66.110	2.130	0.000000	67.30	53.34	0.00	35
DVN	2011-10-12	2.391080	4.182220e+4	66.110	53.340	82.790	53.340	53.340	58.780	53.340	66.110	2.200	0.000000	67.31	53.34	0.00	36
DVN	2011-10-11	2.401130	4.164700e+4	66.110	53.340	83.760	53.340	53.340	58.760	53.340	66.110	1.570	0.000000	67.31	53.34	0.00	37
DVN	2011-10-10	2.444880	4.090190e+4	66.110	53.340	84.350	53.340	53.340	58.640	53.340	66.110	2.290	0.000000	67.33	53.34	0.00	38
DVN	2011-10-07	2.453030	4.076590e+4	66.110	53.340	84.350	53.340	53.340	58.640	53.340	66.110	1.880	0.000000	67.34	53.34	0.00	39
DVN	2011-10-06	2.483190	4.027080e+4	66.110	53.340	84.350	53.340	53.340	58.640	53.340	66.110	2.120	0.000000	67.35	53.34	0.00	40
DVN	2011-10-05	2.502300	3.996320e+4	66.380	53.340	84.350	53.340	53.340	61.610	53.340	66.380	1.510	0.000000	67.63	53.34	0.00	41
DVN	2011-10-04	2.554530	3.914620e+4	66.380	53.340	84.350	53.340	53.340	64.870	53.340	66.380	4.980	0.000000	67.66	53.34	0.00	42
DVN	2011-10-03	2.426870	4.120530e+4	66.380	55.370	84.350	55.370	55.370	64.870	55.370	66.380	2.470	0.000000	67.59	55.37	0.00	43
DVN	2011-09-30	2.424600	4.124390e+4	66.580	55.370	84.350	55.370	55.370	66.110	55.370	66.580	2.470	0.000000	67.79	55.37	0.00	44
DVN	2011-09-29	2.422210	4.128460e+4	67.830	55.370	84.350	55.370	55.370	66.110	55.370	67.830	2.250	0.000000	69.04	55.37	0.00	45
DVN	2011-09-28	2.431280	4.113060e+4	67.830	55.370	84.350	55.370	55.370	66.110	55.370	67.830	2.850	0.000000	69.05	55.37	0.00	46
DVN	2011-09-27	2.409240	4.150690e+4	67.830	55.370	84.350	55.370	55.370	66.110	55.370	67.830	2.710	0.000000	69.03	55.37	0.00	47
DVN	2011-09-26	2.393410	4.178140e+4	67.830	55.370	84.350	55.370	55.370	66.110	55.370	67.830	2.200	0.000000	69.03	55.37	0.00	48
DVN	2011-09-23	2.403590	4.160440e+4	67.830	56.910	84.350	56.910	56.910	66.110	56.910	67.830	1.900	0.000000	69.03	56.91	0.00	49
DVN	2011-09-22	2.430090	4.115070e+4	67.830	61.610	84.350	61.610	61.610	66.110	61.610	67.830	6.010	0.000000	69.05	61.61	0.00	50
DVN	2011-09-21	2.241680	4.460940e+4	67.830	63.190	84.350	62.970	63.190	66.380	63.190	67.830	3.370	0.000000	68.95	63.19	0.00	51
DVN	2011-09-20	2.182290	4.582340e+4	67.830	62.970	84.350	62.970	63.190	66.380	62.970	67.830	1.770	0.000000	68.92	62.97	0.00	52
DVN	2011-09-19	2.203990	4.537220e+4	67.830	62.970	84.350	62.970	63.190	66.380	62.970	67.830	2.680	0.000000	68.93	62.97	0.00	53
