#Header line 	date 	volatility 	unit 		brkh20 	brkl20 	brkh55 	brkl55 	low10 	high10 	low20 	high20 	truerng	ignore20	add 	sellall	normalizedprice
EOG	2011-12-01	3.945460	2.534560e+4	104.010	90.870	104.010	68.410	90.870	103.740	90.870	104.010	3.300	0.000000	105.98	90.87	0.00	1
EOG	2011-11-30	3.979430	2.512920e+4	104.010	85.880	104.010	68.410	90.870	102.360	85.880	104.010	6.180	0.000000	106.00	85.88	0.00	2
EOG	2011-11-29	3.863610	2.588250e+4	104.010	85.880	104.010	68.410	90.870	103.770	85.880	104.010	3.330	0.000000	105.94	85.88	0.00	3
EOG	2011-11-28	3.891700	2.569570e+4	104.010	85.880	104.010	68.410	90.870	104.010	85.880	104.010	5.920	0.000000	105.96	85.88	0.00	4
EOG	2011-11-25	3.784940	2.642050e+4	104.010	85.880	104.010	68.410	91.610	104.010	85.880	104.010	2.070	0.000000	105.90	85.88	0.00	5
EOG	2011-11-23	3.875200	2.580510e+4	104.010	85.880	104.010	68.410	94.980	104.010	85.880	104.010	3.590	0.000000	105.95	85.88	0.00	6
EOG	2011-11-22	3.890210	2.570550e+4	104.010	85.880	104.010	68.410	96.010	104.010	85.880	104.010	2.670	0.000000	105.95	85.88	0.00	7
EOG	2011-11-21	3.954440	2.528810e+4	104.010	85.880	104.010	68.410	97.020	104.010	85.880	104.010	3.790	0.000000	105.99	85.88	0.00	8
EOG	2011-11-18	3.963090	2.523280e+4	104.010	85.880	104.010	68.410	97.020	104.010	85.880	104.010	3.830	0.000000	105.99	85.88	0.00	9
EOG	2011-11-17	3.970100	2.518830e+4	104.010	85.880	104.010	68.410	98.230	104.010	85.880	104.010	5.140	0.000000	106.00	85.88	0.00	10
EOG	2011-11-16	3.908520	2.558510e+4	104.010	85.880	104.010	68.410	96.040	104.010	85.880	104.010	2.870	0.000000	105.96	85.88	0.00	11
EOG	2011-11-15	3.963180	2.523230e+4	104.010	85.880	104.010	68.410	85.880	104.010	85.880	104.010	1.920	0.000000	105.99	85.88	0.00	12
EOG	2011-11-14	4.070720	2.456570e+4	104.010	81.410	104.010	68.410	85.880	104.010	81.410	104.010	3.170	0.000000	106.05	81.41	0.00	13
EOG	2011-11-11	4.118120	2.428290e+4	101.910	81.410	101.910	68.410	85.880	101.910	81.410	101.910	4.010	0.000000	103.97	81.41	0.00	14
EOG	2011-11-10	4.123810	2.424940e+4	101.910	80.220	101.910	68.410	85.880	101.910	80.220	101.910	2.540	0.000000	103.97	80.22	0.00	15
EOG	2011-11-09	4.207170	2.376890e+4	101.910	80.220	101.910	68.410	85.880	101.910	80.220	101.910	3.910	0.000000	104.01	80.22	0.00	16
EOG	2011-11-08	4.222810	2.368090e+4	101.680	80.140	101.680	68.410	85.880	101.680	80.140	101.680	2.790	0.000000	103.79	80.14	0.00	17
EOG	2011-11-07	4.298220	2.326540e+4	101.680	79.410	101.680	68.410	85.880	101.680	79.410	101.680	2.670	0.000000	103.83	79.41	0.00	18
EOG	2011-11-04	4.383920	2.281060e+4	100.030	74.900	100.030	68.410	85.880	100.030	74.900	100.030	4.240	0.000000	102.22	74.90	0.00	19
EOG	2011-11-03	4.391490	2.277130e+4	96.040	74.900	96.040	68.410	85.880	96.040	74.900	96.040	4.570	0.000000	98.24	74.90	0.00	20
EOG	2011-11-02	4.382100	2.282010e+4	95.180	74.900	95.180	68.410	85.880	95.180	74.900	95.180	11.940	0.000000	97.37	74.90	0.00	21
EOG	2011-11-01	3.984310	2.509840e+4	95.180	73.660	96.290	68.410	86.020	95.180	73.660	95.180	5.550	0.000000	97.17	73.66	0.00	22
EOG	2011-10-31	3.901910	2.562850e+4	95.180	68.410	96.290	68.410	81.410	95.180	68.410	95.180	5.880	0.000000	97.13	68.41	0.00	23
EOG	2011-10-28	3.797800	2.633100e+4	92.840	68.410	96.290	68.410	81.410	92.840	68.410	92.840	3.630	0.000000	94.74	68.41	0.00	24
EOG	2011-10-27	3.806630	2.626990e+4	91.080	68.410	96.290	68.410	80.220	91.080	68.410	91.080	6.580	0.000000	92.98	68.41	0.00	25
EOG	2011-10-26	3.660670	2.731740e+4	91.080	68.410	96.290	68.410	80.220	91.080	68.410	91.080	2.930	0.000000	92.91	68.41	0.00	26
EOG	2011-10-25	3.699120	2.703340e+4	91.080	68.410	96.290	68.410	80.140	91.080	68.410	91.080	3.830	0.000000	92.93	68.41	0.00	27
EOG	2011-10-24	3.692230	2.708390e+4	90.620	68.410	96.290	68.410	79.410	90.620	68.410	90.620	1.570	0.000000	92.47	68.41	0.00	28
EOG	2011-10-21	3.803930	2.628860e+4	87.870	68.410	96.290	68.410	74.900	87.870	68.410	87.870	3.740	0.000000	89.77	68.41	0.00	29
EOG	2011-10-20	3.807290	2.626540e+4	87.870	68.410	97.980	68.410	74.900	87.870	68.410	87.870	2.950	0.000000	89.77	68.41	0.00	30
EOG	2011-10-19	3.852420	2.595770e+4	86.020	68.410	99.210	68.410	74.900	86.020	68.410	86.020	3.670	0.000000	87.95	68.41	0.00	31
EOG	2011-10-18	3.862020	2.589320e+4	87.120	68.410	101.620	68.410	73.660	83.980	68.410	87.120	6.380	0.000000	89.05	68.41	0.00	32
EOG	2011-10-17	3.729490	2.681330e+4	87.760	68.410	102.000	68.410	68.410	83.980	68.410	87.760	2.980	0.000000	89.62	68.41	0.00	33
EOG	2011-10-14	3.768940	2.653270e+4	90.160	68.410	103.430	68.410	68.410	80.950	68.410	90.160	3.850	0.000000	92.04	68.41	0.00	34
EOG	2011-10-13	3.764670	2.656270e+4	90.400	68.410	104.070	68.410	68.410	80.950	68.410	90.400	3.310	0.000000	92.28	68.41	0.00	35
EOG	2011-10-12	3.788600	2.639500e+4	90.400	68.410	106.570	68.410	68.410	80.140	68.410	90.400	2.550	0.000000	92.29	68.41	0.00	36
EOG	2011-10-11	3.853790	2.594850e+4	90.400	68.410	106.570	68.410	68.410	79.410	68.410	90.400	2.520	0.000000	92.33	68.41	0.00	37
EOG	2011-10-10	3.923990	2.548430e+4	90.400	68.410	106.570	68.410	68.410	78.610	68.410	90.400	4.550	0.000000	92.36	68.41	0.00	38
EOG	2011-10-07	3.891040	2.570010e+4	90.400	68.410	106.570	68.410	68.410	78.610	68.410	90.400	4.500	0.000000	92.35	68.41	0.00	39
EOG	2011-10-06	3.858990	2.591350e+4	90.400	68.410	106.570	68.410	68.410	78.610	68.410	90.400	3.400	0.000000	92.33	68.41	0.00	40
EOG	2011-10-05	3.883150	2.575230e+4	90.670	68.410	106.570	68.410	68.410	83.430	68.410	90.670	3.730	0.000000	92.61	68.41	0.00	41
EOG	2011-10-04	3.891210	2.569890e+4	90.670	68.410	106.570	68.410	68.410	87.120	68.410	90.670	7.220	0.000000	92.62	68.41	0.00	42
EOG	2011-10-03	3.716010	2.691060e+4	90.670	71.010	106.570	71.010	71.010	87.760	71.010	90.670	3.220	0.000000	92.53	71.01	0.00	43
EOG	2011-09-30	3.742120	2.672280e+4	91.420	73.720	106.570	73.720	73.720	90.160	73.720	91.420	4.230	0.000000	93.29	73.72	0.00	44
EOG	2011-09-29	3.716440	2.690750e+4	92.590	73.720	106.570	73.720	73.720	90.400	73.720	92.590	4.480	0.000000	94.45	73.72	0.00	45
EOG	2011-09-28	3.676250	2.720160e+4	92.590	73.720	106.570	73.720	73.720	90.400	73.720	92.590	4.660	0.000000	94.43	73.72	0.00	46
EOG	2011-09-27	3.624470	2.759020e+4	92.590	73.720	106.570	73.720	73.720	90.400	73.720	92.590	3.840	0.000000	94.40	73.72	0.00	47
EOG	2011-09-26	3.613130	2.767680e+4	92.590	73.720	106.570	73.720	73.720	90.400	73.720	92.590	3.650	0.000000	94.40	73.72	0.00	48
EOG	2011-09-23	3.611190	2.769170e+4	92.590	76.750	106.570	76.750	76.750	90.400	76.750	92.590	3.820	0.000000	94.40	76.75	0.00	49
EOG	2011-09-22	3.600200	2.777620e+4	92.590	83.430	106.570	83.430	83.430	90.400	83.430	92.590	8.300	0.000000	94.39	83.43	0.00	50
EOG	2011-09-21	3.352840	2.982540e+4	92.590	85.320	106.570	85.320	85.320	90.670	85.320	92.590	4.900	0.000000	94.27	85.32	0.00	51
EOG	2011-09-20	3.271410	3.056780e+4	92.590	85.320	106.570	85.320	85.320	90.670	85.320	92.590	2.680	0.000000	94.23	85.32	0.00	52
EOG	2011-09-19	3.302540	3.027970e+4	92.590	85.320	106.570	85.320	85.320	90.670	85.320	92.590	4.200	0.000000	94.24	85.32	0.00	53
