#Header line 	date 	volatility 	unit 		brkh20 	brkl20 	brkh55 	brkl55 	low10 	high10 	low20 	high20 	truerng	ignore20	add 	sellall	normalizedprice
IBM	2011-12-02	3.892670	2.568930e+4	189.450	177.060	190.530	168.620	177.060	189.450	177.060	189.450	1.880	0.000000	191.40	177.06	0.00	1
IBM	2011-12-01	3.998600	2.500870e+4	188.750	177.060	190.530	167.240	177.060	188.000	177.060	188.750	3.220	0.000000	190.75	177.06	0.00	2
IBM	2011-11-30	4.039580	2.475500e+4	188.750	177.060	190.530	163.430	177.060	188.750	177.060	188.750	7.410	0.000000	190.77	177.06	0.00	3
IBM	2011-11-29	3.862190	2.589200e+4	188.750	177.060	190.530	162.420	177.060	188.750	177.060	188.750	2.470	0.000000	190.68	177.06	0.00	4
IBM	2011-11-28	3.935470	2.541000e+4	188.750	177.060	190.530	161.370	177.060	188.750	177.060	188.750	5.870	0.000000	190.72	177.06	0.00	5
IBM	2011-11-25	3.833650	2.608480e+4	188.750	177.950	190.530	161.370	177.950	188.750	177.950	188.750	2.500	0.000000	190.67	177.95	0.00	6
IBM	2011-11-23	3.903840	2.561580e+4	188.750	181.310	190.530	161.370	181.310	188.750	181.310	188.750	3.970	0.000000	190.70	181.31	0.00	7
IBM	2011-11-22	3.900360	2.563870e+4	188.750	180.360	190.530	161.370	181.480	188.750	180.360	188.750	2.690	0.000000	190.70	180.36	0.00	8
IBM	2011-11-21	3.964060	2.522670e+4	188.750	180.360	190.530	161.370	182.240	188.750	180.360	188.750	5.240	0.000000	190.73	180.36	0.00	9
IBM	2011-11-18	3.896910	2.566140e+4	188.750	180.360	190.530	161.370	182.240	188.750	180.360	188.750	2.310	0.000000	190.70	180.36	0.00	10
IBM	2011-11-17	3.980430	2.512290e+4	188.750	177.250	190.530	161.370	182.240	188.750	177.250	188.750	5.440	0.000000	190.74	177.25	0.00	11
IBM	2011-11-16	3.903610	2.561730e+4	188.750	177.250	190.530	161.370	182.240	188.750	177.250	188.750	3.600	0.000000	190.70	177.25	0.00	12
IBM	2011-11-15	3.919590	2.551290e+4	187.450	177.250	190.530	161.370	181.350	187.380	177.250	187.450	4.330	0.000000	189.41	177.25	0.00	13
IBM	2011-11-14	3.897990	2.565430e+4	187.450	177.250	190.530	161.370	181.350	187.380	177.250	187.450	2.990	0.000000	189.40	177.25	0.00	14
IBM	2011-11-11	3.945780	2.534360e+4	190.530	177.250	190.530	161.370	181.350	187.450	177.250	190.530	4.480	0.000000	192.50	177.25	0.00	15
IBM	2011-11-10	3.917660	2.552540e+4	190.530	177.250	190.530	161.370	181.350	187.450	177.250	190.530	2.900	0.000000	192.49	177.25	0.00	16
IBM	2011-11-09	3.971220	2.518120e+4	190.530	177.250	190.530	161.370	181.350	187.450	177.250	190.530	6.090	0.000000	192.52	177.25	0.00	17
IBM	2011-11-08	3.859710	2.590870e+4	190.530	177.250	190.530	158.980	180.360	187.450	177.250	190.530	2.370	0.000000	192.46	177.25	0.00	18
IBM	2011-11-07	3.938110	2.539290e+4	190.530	177.250	190.530	157.540	180.360	187.450	177.250	190.530	2.980	0.000000	192.50	177.25	0.00	19
IBM	2011-11-04	3.988540	2.507180e+4	190.530	177.250	190.530	157.540	180.360	187.450	177.250	190.530	2.560	0.000000	192.52	177.25	0.00	20
IBM	2011-11-03	4.063720	2.460800e+4	190.530	177.250	190.530	157.540	177.250	187.450	177.250	190.530	3.860	0.000000	192.56	177.25	0.00	21
IBM	2011-11-02	4.074450	2.454320e+4	190.530	176.850	190.530	157.540	177.250	187.450	176.850	190.530	3.900	0.000000	192.57	176.85	0.00	22
IBM	2011-11-01	4.083630	2.448800e+4	190.530	174.740	190.530	157.540	177.250	187.450	174.740	190.530	3.890	0.000000	192.57	174.74	0.00	23
IBM	2011-10-31	4.093820	2.442710e+4	190.530	173.290	190.530	157.540	177.250	187.450	173.290	190.530	2.820	0.000000	192.58	173.29	0.00	24
IBM	2011-10-28	4.160860	2.403350e+4	190.530	173.290	190.530	157.540	177.250	190.530	173.290	190.530	2.790	0.000000	192.61	173.29	0.00	25
IBM	2011-10-27	4.233010	2.362380e+4	190.530	173.290	190.530	157.540	177.250	190.530	173.290	190.530	5.030	0.000000	192.65	173.29	0.00	26
IBM	2011-10-26	4.191070	2.386030e+4	190.530	173.290	190.530	157.540	177.250	190.530	173.290	190.530	3.250	0.000000	192.63	173.29	0.00	27
IBM	2011-10-25	4.240600	2.358160e+4	190.530	173.290	190.530	157.540	177.250	190.530	173.290	190.530	2.960	0.000000	192.65	173.29	0.00	28
IBM	2011-10-24	4.307990	2.321270e+4	190.530	173.290	190.530	157.540	177.250	190.530	173.290	190.530	2.770	0.000000	192.68	173.29	0.00	29
IBM	2011-10-21	4.388940	2.278450e+4	190.530	169.340	190.530	157.540	177.250	190.530	169.340	190.530	4.420	0.000000	192.72	169.34	0.00	30
IBM	2011-10-20	4.387310	2.279300e+4	190.530	168.620	190.530	157.540	177.390	190.530	168.620	190.530	3.070	0.000000	192.72	168.62	0.00	31
IBM	2011-10-19	4.456640	2.243840e+4	190.530	168.620	190.530	157.540	176.850	190.530	168.620	190.530	2.800	0.000000	192.76	168.62	0.00	32
IBM	2011-10-18	4.543830	2.200790e+4	190.530	168.620	190.530	157.540	174.740	190.530	168.620	190.530	10.340	0.000000	192.80	168.62	0.00	33
IBM	2011-10-17	4.238770	2.359180e+4	190.530	168.620	190.530	157.540	173.290	190.530	168.620	190.530	4.630	0.000000	192.65	168.62	0.00	34
IBM	2011-10-14	4.218180	2.370690e+4	186.820	168.620	186.820	157.540	173.290	186.820	168.620	186.820	3.710	0.000000	188.93	168.62	0.00	35
IBM	2011-10-13	4.244920	2.355750e+4	186.620	168.620	186.620	157.540	173.290	186.620	168.620	186.620	3.000	0.000000	188.74	168.62	0.00	36
IBM	2011-10-12	4.310450	2.319950e+4	186.620	167.240	186.620	157.540	173.290	186.620	167.240	186.620	3.000	0.000000	188.78	167.24	0.00	37
IBM	2011-10-11	4.379420	2.283410e+4	186.620	163.430	186.620	157.540	173.290	186.620	163.430	186.620	2.510	0.000000	188.81	163.43	0.00	38
IBM	2011-10-10	4.477810	2.233240e+4	182.390	162.420	185.180	157.540	173.290	182.390	162.420	182.390	4.240	0.000000	184.63	162.42	0.00	39
IBM	2011-10-07	4.490320	2.227010e+4	181.690	161.370	185.180	157.540	169.340	181.690	161.370	181.690	2.080	0.000000	183.94	161.37	0.00	40
IBM	2011-10-06	4.617180	2.165820e+4	179.170	161.370	185.180	157.540	168.620	179.170	161.370	179.170	6.330	0.000000	181.48	161.37	0.00	41
IBM	2011-10-05	4.527040	2.208950e+4	179.170	161.370	185.210	157.540	168.620	179.170	161.370	179.170	4.620	0.000000	181.43	161.37	0.00	42
IBM	2011-10-04	4.522140	2.211340e+4	179.170	161.370	185.210	157.540	168.620	179.170	161.370	179.170	6.190	0.000000	181.43	161.37	0.00	43
IBM	2011-10-03	4.434360	2.255120e+4	179.170	161.370	185.210	157.540	168.620	179.170	161.370	179.170	4.880	0.000000	181.39	161.37	0.00	44
IBM	2011-09-30	4.410910	2.267110e+4	179.170	161.370	185.210	157.540	168.620	179.170	161.370	179.170	4.420	0.000000	181.38	161.37	0.00	45
IBM	2011-09-29	4.410430	2.267350e+4	177.710	161.370	185.210	157.540	168.620	177.710	161.370	177.710	5.380	0.000000	179.91	161.37	0.00	46
IBM	2011-09-28	4.359400	2.293900e+4	177.710	161.370	185.210	157.540	167.240	177.710	161.370	177.710	3.670	0.000000	179.89	161.37	0.00	47
IBM	2011-09-27	4.395680	2.274960e+4	174.720	161.370	185.210	157.540	163.430	174.720	161.370	174.720	5.110	0.000000	176.92	161.37	0.00	48
IBM	2011-09-26	4.358090	2.294590e+4	174.720	161.370	185.210	157.540	162.420	174.720	161.370	174.720	5.360	0.000000	176.90	161.37	0.00	49
IBM	2011-09-23	4.305350	2.322690e+4	174.720	161.370	185.210	157.540	161.370	174.720	161.370	174.720	3.780	0.000000	176.87	161.37	0.00	50
IBM	2011-09-22	4.333000	2.307870e+4	174.720	161.370	185.210	157.540	161.370	174.720	161.370	174.720	6.520	0.000000	176.89	161.37	0.00	51
IBM	2011-09-21	4.217900	2.370850e+4	174.720	161.370	185.210	157.540	161.370	174.720	161.370	174.720	5.050	0.000000	176.83	161.37	0.00	52
IBM	2011-09-20	4.174100	2.395720e+4	173.130	158.980	185.210	157.540	161.370	173.130	158.980	173.130	4.730	0.000000	175.22	158.98	0.00	53
IBM	2011-09-19	4.144850	2.412640e+4	172.990	157.540	185.210	157.540	161.370	172.990	157.540	172.990	4.440	0.000000	175.06	157.54	0.00	54
