#Header line 	date 	volatility 	unit 		brkh20 	brkl20 	brkh55 	brkl55 	low10 	high10 	low20 	high20 	truerng	ignore20	add 	sellall	normalizedprice
IAG	2011-12-01	0.952024	1.050390e+5	28.310	25.930	33.160	25.930	25.930	27.350	25.930	28.310	1.210	0.000000	28.79	25.93	0.00	1
IAG	2011-11-30	0.938447	1.065590e+5	28.760	25.930	33.160	25.930	25.930	28.270	25.930	28.760	1.250	0.000000	29.23	25.93	0.00	2
IAG	2011-11-29	0.922049	1.084540e+5	32.280	26.800	33.160	26.800	26.850	28.310	26.800	32.280	0.930	0.000000	32.74	26.80	0.00	3
IAG	2011-11-28	0.921631	1.085030e+5	32.430	26.800	33.160	26.800	26.850	28.310	26.800	32.430	0.730	0.000000	32.89	26.80	0.00	4
IAG	2011-11-25	0.931717	1.073290e+5	33.160	26.800	33.340	26.800	26.850	28.310	26.800	33.160	0.610	0.000000	33.63	26.80	0.00	5
IAG	2011-11-24	0.948649	1.054130e+5	33.160	26.800	34.090	26.800	26.850	28.310	26.800	33.160	0.370	0.000000	33.63	26.80	0.00	6
IAG	2011-11-23	0.979104	1.021340e+5	33.160	26.800	34.230	26.800	26.850	28.310	26.800	33.160	0.580	0.000000	33.65	26.80	0.00	7
IAG	2011-11-22	1.000110	9.998900e+4	33.160	26.800	34.600	26.800	26.850	28.310	26.800	33.160	0.460	0.000000	33.66	26.80	0.00	8
IAG	2011-11-21	1.028540	9.722550e+4	33.160	26.800	34.620	26.800	26.850	28.310	26.800	33.160	0.380	0.000000	33.67	26.80	0.00	9
IAG	2011-11-18	1.062670	9.410260e+4	33.160	26.800	35.910	26.800	26.910	28.310	26.800	33.160	1.080	0.000000	33.69	26.80	0.00	10
IAG	2011-11-17	1.061760	9.418340e+4	33.160	26.800	36.070	26.800	26.800	28.310	26.800	33.160	1.340	0.000000	33.69	26.80	0.00	11
IAG	2011-11-16	1.047110	9.550060e+4	33.160	26.800	36.070	26.800	26.800	28.760	26.800	33.160	0.910	0.000000	33.68	26.80	0.00	12
IAG	2011-11-15	1.054330	9.484690e+4	33.160	26.800	36.070	26.800	26.800	32.280	26.800	33.160	0.550	0.000000	33.69	26.80	0.00	13
IAG	2011-11-14	1.080870	9.251770e+4	33.160	26.800	36.070	26.800	26.800	32.430	26.800	33.160	0.820	0.000000	33.70	26.80	0.00	14
IAG	2011-11-11	1.094600	9.135720e+4	33.160	26.800	36.070	26.800	26.800	33.160	26.800	33.160	0.300	0.000000	33.71	26.80	0.00	15
IAG	2011-11-10	1.136430	8.799520e+4	33.160	26.800	36.070	26.800	26.800	33.160	26.800	33.160	0.590	0.000000	33.73	26.80	0.00	16
IAG	2011-11-09	1.165180	8.582330e+4	33.160	26.800	36.070	26.800	26.800	33.160	26.800	33.160	0.360	0.000000	33.74	26.80	0.00	17
IAG	2011-11-08	1.207560	8.281140e+4	33.160	26.800	36.070	26.800	26.800	33.160	26.800	33.160	0.620	0.000000	33.76	26.80	0.00	18
IAG	2011-11-07	1.238490	8.074370e+4	33.160	26.800	36.070	26.800	26.800	33.160	26.800	33.160	0.600	0.000000	33.78	26.80	0.00	19
IAG	2011-11-04	1.272090	7.861070e+4	33.160	26.800	36.070	26.800	26.800	33.160	26.800	33.160	1.000	0.000000	33.80	26.80	0.00	20
IAG	2011-11-03	1.286410	7.773560e+4	33.160	28.760	37.280	28.650	28.760	33.160	28.760	33.160	2.510	0.000000	33.80	28.76	0.00	21
IAG	2011-11-02	1.222010	8.183220e+4	33.160	28.650	37.280	28.650	30.610	33.160	28.650	33.160	3.630	0.000000	33.77	28.65	0.00	22
IAG	2011-11-01	1.095280	9.130110e+4	33.160	28.650	37.280	28.650	30.270	33.160	28.650	33.160	1.270	0.000000	33.71	28.65	0.00	23
IAG	2011-10-31	1.086080	9.207420e+4	33.160	28.650	37.280	28.650	30.270	33.160	28.650	33.160	1.360	0.000000	33.70	28.65	0.00	24
IAG	2011-10-28	1.071660	9.331280e+4	32.780	28.650	37.280	28.650	30.270	32.770	28.650	32.780	1.000	0.000000	33.32	28.65	0.00	25
IAG	2011-10-27	1.075440	9.298560e+4	32.780	28.650	37.280	28.650	30.270	32.260	28.650	32.780	1.910	0.000000	33.32	28.65	0.00	26
IAG	2011-10-26	1.031510	9.694510e+4	32.780	28.650	37.280	28.650	30.270	32.780	28.650	32.780	0.500	0.000000	33.30	28.65	0.00	27
IAG	2011-10-25	1.059490	9.438540e+4	32.780	28.650	37.280	28.650	30.270	32.780	28.650	32.780	0.910	0.000000	33.31	28.65	0.00	28
IAG	2011-10-24	1.067350	9.368970e+4	32.780	28.650	37.900	28.650	30.210	32.780	28.650	32.780	1.090	0.000000	33.31	28.65	0.00	29
IAG	2011-10-21	1.066160	9.379440e+4	32.780	28.650	38.600	28.650	30.210	32.780	28.650	32.780	0.400	0.000000	33.31	28.65	0.00	30
IAG	2011-10-20	1.101220	9.080820e+4	32.780	28.650	38.600	28.650	30.140	32.780	28.650	32.780	0.770	0.000000	33.33	28.65	0.00	31
IAG	2011-10-19	1.118660	8.939300e+4	32.780	28.650	38.600	28.650	28.650	32.780	28.650	32.780	0.900	0.000000	33.34	28.65	0.00	32
IAG	2011-10-18	1.130160	8.848280e+4	32.780	28.650	38.600	28.650	28.650	32.780	28.650	32.780	2.130	0.000000	33.35	28.65	0.00	33
IAG	2011-10-17	1.077540	9.280390e+4	32.780	28.650	39.250	28.650	28.650	32.780	28.650	32.780	0.450	0.000000	33.32	28.65	0.00	34
IAG	2011-10-14	1.110570	9.004390e+4	32.780	28.650	39.600	28.650	28.650	32.780	28.650	32.780	0.740	0.000000	33.34	28.65	0.00	35
IAG	2011-10-13	1.130070	8.848990e+4	32.780	28.650	39.600	28.650	28.650	32.780	28.650	32.780	1.700	0.000000	33.34	28.65	0.00	36
IAG	2011-10-12	1.100080	9.090280e+4	32.270	28.650	39.640	28.650	28.650	31.750	28.650	32.270	1.270	0.000000	32.82	28.65	0.00	37
IAG	2011-10-11	1.091130	9.164790e+4	32.270	28.650	39.640	28.650	28.650	31.000	28.650	32.270	1.740	0.000000	32.82	28.65	0.00	38
IAG	2011-10-07	1.056980	9.460900e+4	32.920	28.650	39.640	28.650	28.650	31.000	28.650	32.920	0.800	0.000000	33.45	28.65	0.00	39
IAG	2011-10-06	1.070510	9.341360e+4	33.340	28.650	39.640	28.650	28.650	31.000	28.650	33.340	1.210	0.000000	33.88	28.65	0.00	40
IAG	2011-10-05	1.063170	9.405870e+4	34.090	28.650	39.640	28.650	28.650	31.950	28.650	34.090	1.770	0.000000	34.62	28.65	0.00	41
IAG	2011-10-04	1.025960	9.746930e+4	34.230	29.720	39.640	29.720	29.720	32.100	29.720	34.230	1.520	0.000000	34.74	29.72	0.00	42
IAG	2011-10-03	0.999962	1.000040e+5	34.600	30.300	39.830	30.300	30.300	32.100	30.300	34.600	1.470	0.000000	35.10	30.30	0.00	43
IAG	2011-09-30	0.975223	1.025410e+5	34.620	30.300	39.950	30.300	30.300	32.100	30.300	34.620	0.600	0.000000	35.11	30.30	0.00	44
IAG	2011-09-29	0.994972	1.005050e+5	35.910	30.300	39.950	30.300	30.300	32.100	30.300	35.910	0.680	0.000000	36.41	30.30	0.00	45
IAG	2011-09-28	1.011550	9.885830e+4	36.070	30.300	39.950	30.300	30.300	32.100	30.300	36.070	0.400	0.000000	36.58	30.30	0.00	46
IAG	2011-09-27	1.043740	9.580970e+4	36.070	30.300	40.160	30.300	30.300	32.270	30.300	36.070	0.960	0.000000	36.59	30.30	0.00	47
IAG	2011-09-26	1.048140	9.540680e+4	36.070	30.300	40.250	30.300	30.300	32.270	30.300	36.070	1.310	0.000000	36.59	30.30	0.00	48
IAG	2011-09-23	1.034360	9.667800e+4	36.070	30.700	40.570	30.700	30.700	32.920	30.700	36.070	0.610	0.000000	36.59	30.70	0.00	49
IAG	2011-09-22	1.056700	9.463460e+4	36.070	31.010	40.570	31.010	31.010	33.340	31.010	36.070	1.540	0.000000	36.60	31.01	0.00	50
IAG	2011-09-21	1.031260	9.696880e+4	36.070	31.010	40.570	31.010	31.010	34.090	31.010	36.070	0.570	0.000000	36.59	31.01	0.00	51
IAG	2011-09-20	1.055540	9.473860e+4	36.070	31.010	40.570	31.010	31.010	34.230	31.010	36.070	0.600	0.000000	36.60	31.01	0.00	52
IAG	2011-09-19	1.079510	9.263450e+4	36.070	31.010	40.570	31.010	31.010	34.600	31.010	36.070	0.520	0.000000	36.61	31.01	0.00	53
