#Header line 	date 	volatility 	unit 		brkh20 	brkl20 	brkh55 	brkl55 	low10 	high10 	low20 	high20 	truerng	ignore20	add 	sellall	normalizedprice
CWI-UN	2011-12-01	0.196505	5.088930e+5	8.460	7.290	8.460	6.940	7.860	8.460	7.290	8.460	0.090	0.000000	8.56	7.29	0.00	1
CWI-UN	2011-11-30	0.202111	4.947780e+5	8.390	7.290	8.390	6.940	7.860	8.380	7.290	8.390	0.200	0.000000	8.49	7.29	0.00	2
CWI-UN	2011-11-29	0.202222	4.945070e+5	8.390	7.260	8.390	6.940	7.860	8.320	7.260	8.390	0.130	0.000000	8.49	7.26	0.00	3
CWI-UN	2011-11-28	0.206023	4.853830e+5	8.390	7.260	8.390	6.940	7.860	8.300	7.260	8.390	0.290	0.000000	8.49	7.26	0.00	4
CWI-UN	2011-11-25	0.201603	4.960240e+5	8.390	7.260	8.390	6.940	7.860	8.390	7.260	8.390	0.170	0.000000	8.49	7.26	0.00	5
CWI-UN	2011-11-24	0.203266	4.919650e+5	8.390	7.260	8.390	6.940	7.860	8.390	7.260	8.390	0.270	0.000000	8.49	7.26	0.00	6
CWI-UN	2011-11-23	0.199754	5.006160e+5	8.390	7.260	8.390	6.940	7.910	8.390	7.260	8.390	0.150	0.000000	8.49	7.26	0.00	7
CWI-UN	2011-11-22	0.202373	4.941380e+5	8.390	7.260	8.390	6.940	8.040	8.390	7.260	8.390	0.150	0.000000	8.49	7.26	0.00	8
CWI-UN	2011-11-21	0.205129	4.874980e+5	8.390	7.260	8.390	6.940	7.880	8.390	7.260	8.390	0.160	0.000000	8.49	7.26	0.00	9
CWI-UN	2011-11-18	0.207504	4.819170e+5	8.390	7.260	8.390	6.940	7.340	8.390	7.260	8.390	0.140	0.000000	8.49	7.26	0.00	10
CWI-UN	2011-11-17	0.211057	4.738050e+5	8.390	7.260	8.390	6.940	7.290	8.390	7.260	8.390	0.190	0.000000	8.50	7.26	0.00	11
CWI-UN	2011-11-16	0.212166	4.713300e+5	8.390	7.260	8.390	6.940	7.290	8.390	7.260	8.390	0.200	0.000000	8.50	7.26	0.00	12
CWI-UN	2011-11-15	0.212806	4.699120e+5	8.390	7.260	8.390	6.940	7.260	8.390	7.260	8.390	0.180	0.000000	8.50	7.26	0.00	13
CWI-UN	2011-11-14	0.214532	4.661300e+5	8.390	7.260	8.390	6.940	7.260	8.390	7.260	8.390	0.230	0.000000	8.50	7.26	0.00	14
CWI-UN	2011-11-11	0.213718	4.679050e+5	8.260	7.260	8.260	6.940	7.260	8.260	7.260	8.260	0.190	0.000000	8.37	7.26	0.00	15
CWI-UN	2011-11-10	0.214967	4.651880e+5	8.260	7.260	8.260	6.940	7.260	8.260	7.260	8.260	0.280	0.000000	8.37	7.26	0.00	16
CWI-UN	2011-11-09	0.211544	4.727150e+5	8.180	7.260	8.180	6.940	7.260	8.180	7.260	8.180	0.380	0.000000	8.29	7.26	0.00	17
CWI-UN	2011-11-08	0.202678	4.933940e+5	7.880	7.260	7.880	6.940	7.260	7.880	7.260	7.880	0.320	0.000000	7.98	7.26	0.00	18
CWI-UN	2011-11-07	0.196503	5.088980e+5	7.640	7.190	7.640	6.940	7.260	7.640	7.190	7.640	0.540	0.000000	7.74	7.19	0.00	19
CWI-UN	2011-11-04	0.178424	5.604620e+5	7.640	7.130	7.740	6.940	7.260	7.640	7.130	7.640	0.150	0.000000	7.73	7.13	0.00	20
CWI-UN	2011-11-03	0.179920	5.558020e+5	7.640	7.010	7.740	6.940	7.260	7.640	7.010	7.640	0.070	0.000000	7.73	7.01	0.00	21
CWI-UN	2011-11-02	0.185705	5.384870e+5	7.640	6.940	7.850	6.940	7.260	7.640	6.940	7.640	0.160	0.000000	7.73	6.94	0.00	22
CWI-UN	2011-11-01	0.187058	5.345920e+5	7.640	6.940	7.850	6.940	7.340	7.640	6.940	7.640	0.190	0.000000	7.73	6.94	0.00	23
CWI-UN	2011-10-31	0.186904	5.350350e+5	7.640	6.940	7.850	6.940	7.340	7.640	6.940	7.640	0.100	0.000000	7.73	6.94	0.00	24
CWI-UN	2011-10-28	0.191477	5.222550e+5	7.640	6.940	7.850	6.940	7.340	7.640	6.940	7.640	0.070	0.000000	7.74	6.94	0.00	25
CWI-UN	2011-10-27	0.197871	5.053800e+5	7.640	6.940	7.850	6.940	7.340	7.640	6.940	7.640	0.190	0.000000	7.74	6.94	0.00	26
CWI-UN	2011-10-26	0.198285	5.043240e+5	7.640	6.940	7.850	6.940	7.400	7.640	6.940	7.640	0.100	0.000000	7.74	6.94	0.00	27
CWI-UN	2011-10-25	0.203458	4.915020e+5	7.640	6.940	7.850	6.940	7.400	7.640	6.940	7.640	0.260	0.000000	7.74	6.94	0.00	28
CWI-UN	2011-10-24	0.200482	4.987970e+5	7.560	6.940	7.850	6.940	7.190	7.560	6.940	7.560	0.190	0.000000	7.66	6.94	0.00	29
CWI-UN	2011-10-21	0.201034	4.974280e+5	7.560	6.940	7.850	6.940	7.130	7.560	6.940	7.560	0.220	0.000000	7.66	6.94	0.00	30
CWI-UN	2011-10-20	0.200036	4.999110e+5	7.560	6.940	7.850	6.940	7.010	7.560	6.940	7.560	0.140	0.000000	7.66	6.94	0.00	31
CWI-UN	2011-10-19	0.203195	4.921370e+5	7.560	6.940	7.850	6.940	6.940	7.560	6.940	7.560	0.120	0.000000	7.66	6.94	0.00	32
CWI-UN	2011-10-18	0.207574	4.817550e+5	7.560	6.940	7.850	6.940	6.940	7.560	6.940	7.560	0.140	0.000000	7.66	6.94	0.00	33
CWI-UN	2011-10-17	0.211131	4.736400e+5	7.560	6.940	7.850	6.940	6.940	7.560	6.940	7.560	0.120	0.000000	7.67	6.94	0.00	34
CWI-UN	2011-10-14	0.215927	4.631190e+5	7.540	6.940	7.850	6.940	6.940	7.540	6.940	7.540	0.140	0.000000	7.65	6.94	0.00	35
CWI-UN	2011-10-13	0.219923	4.547040e+5	7.540	6.940	7.850	6.940	6.940	7.540	6.940	7.540	0.200	0.000000	7.65	6.94	0.00	36
CWI-UN	2011-10-12	0.220972	4.525460e+5	7.440	6.940	7.860	6.940	6.940	7.440	6.940	7.440	0.190	0.000000	7.55	6.94	0.00	37
CWI-UN	2011-10-11	0.222602	4.492320e+5	7.440	6.940	7.940	6.940	6.940	7.440	6.940	7.440	0.240	0.000000	7.55	6.94	0.00	38
CWI-UN	2011-10-07	0.221686	4.510880e+5	7.440	6.940	7.940	6.940	6.940	7.440	6.940	7.440	0.170	0.000000	7.55	6.94	0.00	39
CWI-UN	2011-10-06	0.224407	4.456200e+5	7.440	6.940	7.960	6.940	6.940	7.440	6.940	7.440	0.280	0.000000	7.55	6.94	0.00	40
CWI-UN	2011-10-05	0.221481	4.515070e+5	7.440	6.940	7.970	6.940	6.940	7.440	6.940	7.440	0.150	0.000000	7.55	6.94	0.00	41
CWI-UN	2011-10-04	0.225243	4.439650e+5	7.440	7.040	7.970	7.040	7.040	7.440	7.040	7.440	0.290	0.000000	7.55	7.04	0.00	42
CWI-UN	2011-10-03	0.221834	4.507860e+5	7.460	7.040	7.970	7.040	7.040	7.440	7.040	7.460	0.340	0.000000	7.57	7.04	0.00	43
CWI-UN	2011-09-30	0.215615	4.637890e+5	7.520	7.040	7.970	7.040	7.040	7.440	7.040	7.520	0.260	0.000000	7.63	7.04	0.00	44
CWI-UN	2011-09-29	0.213279	4.688690e+5	7.520	7.040	7.970	7.040	7.040	7.440	7.040	7.520	0.160	0.000000	7.63	7.04	0.00	45
CWI-UN	2011-09-28	0.216083	4.627840e+5	7.520	7.040	7.970	7.040	7.040	7.400	7.040	7.520	0.250	0.000000	7.63	7.04	0.00	46
CWI-UN	2011-09-27	0.214298	4.666390e+5	7.520	7.040	7.970	7.040	7.040	7.400	7.040	7.520	0.320	0.000000	7.63	7.04	0.00	47
CWI-UN	2011-09-26	0.208735	4.790760e+5	7.520	7.050	7.970	7.050	7.050	7.400	7.050	7.520	0.150	0.000000	7.62	7.05	0.00	48
CWI-UN	2011-09-23	0.211826	4.720850e+5	7.520	7.050	7.970	7.050	7.050	7.400	7.050	7.520	0.320	0.000000	7.63	7.05	0.00	49
CWI-UN	2011-09-22	0.206133	4.851240e+5	7.520	7.150	7.970	7.150	7.150	7.400	7.150	7.520	0.320	0.000000	7.62	7.15	0.00	50
CWI-UN	2011-09-21	0.200140	4.996500e+5	7.520	7.150	7.970	7.150	7.150	7.400	7.150	7.520	0.180	0.000000	7.62	7.15	0.00	51
CWI-UN	2011-09-20	0.201200	4.970180e+5	7.520	7.150	7.970	7.150	7.150	7.400	7.150	7.520	0.510	0.000000	7.62	7.15	0.00	52
CWI-UN	2011-09-19	0.184947	5.406940e+5	7.520	7.150	7.970	7.150	7.150	7.460	7.150	7.520	0.240	0.000000	7.61	7.15	0.00	53
