#Header line 	date 	volatility 	unit 		brkh20 	brkl20 	brkh55 	brkl55 	low10 	high10 	low20 	high20 	truerng	ignore20	add 	sellall	normalizedprice
HGIC	2011-12-01	0.448809	2.228120e+5	59.110	58.890	59.440	25.150	58.890	59.110	58.890	59.110	0.320	0.000000	59.33	58.89	0.00	1
HGIC	2011-11-30	0.455589	2.194960e+5	59.110	58.890	59.440	25.150	58.890	59.110	58.890	59.110	0.210	0.000000	59.34	58.89	0.00	2
HGIC	2011-11-29	0.468514	2.134410e+5	59.110	58.760	59.440	25.150	58.900	59.110	58.760	59.110	0.070	0.000000	59.34	58.76	0.00	3
HGIC	2011-11-28	0.489489	2.042950e+5	59.360	58.760	59.440	25.150	58.900	59.110	58.760	59.360	0.130	0.000000	59.60	58.76	0.00	4
HGIC	2011-11-25	0.508409	1.966920e+5	59.440	58.760	59.440	25.150	58.920	59.110	58.760	59.440	0.070	0.000000	59.69	58.76	0.00	5
HGIC	2011-11-23	0.531483	1.881530e+5	59.440	58.760	59.440	25.150	58.970	59.110	58.760	59.440	0.080	0.000000	59.71	58.76	0.00	6
HGIC	2011-11-22	0.555246	1.801000e+5	59.440	58.760	59.440	25.150	58.970	59.110	58.760	59.440	0.120	0.000000	59.72	58.76	0.00	7
HGIC	2011-11-21	0.578153	1.729640e+5	59.440	58.760	59.440	25.150	58.970	59.110	58.760	59.440	0.140	0.000000	59.73	58.76	0.00	8
HGIC	2011-11-18	0.601214	1.663300e+5	59.440	58.760	59.440	25.150	58.970	59.110	58.760	59.440	0.210	0.000000	59.74	58.76	0.00	9
HGIC	2011-11-17	0.621804	1.608220e+5	59.440	58.760	59.440	25.150	58.970	59.080	58.760	59.440	0.070	0.000000	59.75	58.76	0.00	10
HGIC	2011-11-16	0.650847	1.536460e+5	59.440	58.760	59.440	25.150	58.970	59.080	58.760	59.440	0.070	0.000000	59.77	58.76	0.00	11
HGIC	2011-11-15	0.681418	1.467530e+5	59.440	58.760	59.440	25.150	58.950	59.060	58.760	59.440	0.110	0.000000	59.78	58.76	0.00	12
HGIC	2011-11-14	0.711492	1.405500e+5	59.440	58.760	59.440	25.150	58.760	59.060	58.760	59.440	0.120	0.000000	59.80	58.76	0.00	13
HGIC	2011-11-11	0.742623	1.346580e+5	59.440	58.760	59.440	25.150	58.760	59.360	58.760	59.440	0.070	0.000000	59.81	58.76	0.00	14
HGIC	2011-11-10	0.778025	1.285310e+5	59.440	58.760	59.440	25.150	58.760	59.440	58.760	59.440	0.190	0.000000	59.83	58.76	0.00	15
HGIC	2011-11-09	0.808973	1.236130e+5	59.440	58.720	59.440	25.150	58.760	59.440	58.720	59.440	0.180	0.000000	59.84	58.72	0.00	16
HGIC	2011-11-08	0.842077	1.187540e+5	59.440	58.720	59.440	25.150	58.760	59.440	58.720	59.440	0.100	0.000000	59.86	58.72	0.00	17
HGIC	2011-11-07	0.881134	1.134900e+5	59.440	58.720	59.440	25.150	58.760	59.440	58.720	59.440	0.180	0.000000	59.88	58.72	0.00	18
HGIC	2011-11-04	0.918036	1.089280e+5	59.440	58.630	59.440	25.150	58.760	59.440	58.630	59.440	0.120	0.000000	59.90	58.63	0.00	19
HGIC	2011-11-03	0.960037	1.041630e+5	59.440	58.630	59.440	25.150	58.760	59.440	58.630	59.440	0.260	0.000000	59.92	58.63	0.00	20
HGIC	2011-11-02	0.996882	1.003130e+5	59.440	58.630	59.440	25.150	58.760	59.440	58.630	59.440	0.270	0.000000	59.94	58.63	0.00	21
HGIC	2011-11-01	1.035140	9.660540e+4	59.440	58.630	59.440	25.150	58.760	59.440	58.630	59.440	0.550	0.000000	59.96	58.63	0.00	22
HGIC	2011-10-31	1.060670	9.427980e+4	59.440	58.570	59.440	25.150	58.850	59.440	58.570	59.440	0.670	0.000000	59.97	58.57	0.00	23
HGIC	2011-10-28	1.081230	9.248690e+4	59.440	58.570	59.440	25.150	58.850	59.440	58.570	59.440	0.180	0.000000	59.98	58.57	0.00	24
HGIC	2011-10-27	1.128670	8.860010e+4	59.430	58.570	59.430	25.150	58.850	59.430	58.570	59.430	0.220	0.000000	59.99	58.57	0.00	25
HGIC	2011-10-26	1.176490	8.499850e+4	59.430	31.520	59.430	25.150	58.720	59.430	31.520	59.430	0.270	0.000000	60.02	31.52	0.00	26
HGIC	2011-10-25	1.224200	8.168590e+4	59.430	31.520	59.430	25.150	58.720	59.430	31.520	59.430	0.330	0.000000	60.04	31.52	0.00	27
HGIC	2011-10-24	1.271270	7.866180e+4	59.260	31.520	59.260	25.150	58.720	59.260	31.520	59.260	0.350	0.000000	59.90	31.52	0.00	28
HGIC	2011-10-21	1.319750	7.577180e+4	59.200	31.320	59.200	25.150	58.630	59.200	31.320	59.200	0.580	0.000000	59.86	31.32	0.00	29
HGIC	2011-10-20	1.358690	7.360050e+4	59.180	25.330	59.180	25.150	58.630	59.180	25.330	59.180	0.160	0.000000	59.86	25.33	0.00	30
HGIC	2011-10-19	1.421780	7.033460e+4	59.180	25.150	59.180	25.150	58.630	59.180	25.150	59.180	0.290	0.000000	59.89	25.15	0.00	31
HGIC	2011-10-18	1.481340	6.750630e+4	59.000	25.150	59.000	25.150	58.630	59.000	25.150	59.000	0.510	0.000000	59.74	25.15	0.00	32
HGIC	2011-10-17	1.532470	6.525430e+4	59.000	25.150	59.000	25.150	58.570	59.000	25.150	59.000	0.250	0.000000	59.77	25.15	0.00	33
HGIC	2011-10-14	1.599960	6.250140e+4	59.000	25.150	59.000	25.150	58.570	59.000	25.150	59.000	0.240	0.000000	59.80	25.15	0.00	34
HGIC	2011-10-13	1.671540	5.982500e+4	59.000	25.150	59.000	25.150	58.570	59.000	25.150	59.000	0.230	0.000000	59.84	25.15	0.00	35
HGIC	2011-10-12	1.747410	5.722750e+4	59.000	25.150	59.000	25.150	31.520	59.000	25.150	59.000	0.180	0.000000	59.87	25.15	0.00	36
HGIC	2011-10-11	1.829910	5.464760e+4	59.000	25.150	59.000	25.150	31.520	59.000	25.150	59.000	0.270	0.000000	59.91	25.15	0.00	37
HGIC	2011-10-10	1.912010	5.230100e+4	59.000	25.150	59.000	25.150	31.520	59.000	25.150	59.000	0.290	0.000000	59.96	25.15	0.00	38
HGIC	2011-10-07	1.997380	5.006570e+4	59.000	25.150	59.000	25.150	31.320	59.000	25.150	59.000	0.500	0.000000	60.00	25.15	0.00	39
HGIC	2011-10-06	2.076190	4.816520e+4	58.960	25.150	58.960	25.150	25.330	58.960	25.150	58.960	0.430	0.000000	60.00	25.15	0.00	40
HGIC	2011-10-05	2.162830	4.623580e+4	58.960	25.150	58.960	25.150	25.150	58.960	25.150	58.960	0.350	0.000000	60.04	25.15	0.00	41
HGIC	2011-10-04	2.258240	4.428230e+4	58.960	25.150	58.960	25.150	25.150	58.960	25.150	58.960	0.580	0.000000	60.09	25.15	0.00	42
HGIC	2011-10-03	2.346570	4.261540e+4	58.960	25.150	58.960	25.150	25.150	58.960	25.150	58.960	0.300	0.000000	60.13	25.15	0.00	43
HGIC	2011-09-30	2.454280	4.074510e+4	58.960	25.150	58.960	25.150	25.150	58.960	25.150	58.960	0.500	0.000000	60.19	25.15	0.00	44
HGIC	2011-09-29	2.557140	3.910620e+4	32.180	25.150	32.180	25.150	25.150	32.180	25.150	32.180	27.440	0.000000	33.46	25.15	0.00	45
HGIC	2011-09-28	1.247510	8.015940e+4	32.180	25.150	32.180	25.150	25.150	32.180	25.150	32.180	1.560	0.000000	32.80	25.15	0.00	46
HGIC	2011-09-27	1.231070	8.123030e+4	31.880	25.150	31.920	25.150	25.150	31.880	25.150	31.880	0.740	0.000000	32.50	25.15	0.00	47
HGIC	2011-09-26	1.256910	7.956000e+4	31.320	25.150	32.010	25.150	25.150	31.320	25.150	31.320	1.500	0.000000	31.95	25.15	0.00	48
HGIC	2011-09-23	1.244120	8.037810e+4	28.790	25.150	32.040	25.150	25.150	26.760	25.150	28.790	10.420	0.000000	29.41	25.15	0.00	49
HGIC	2011-09-22	0.761179	1.313750e+5	28.790	25.150	32.040	25.150	25.150	26.760	25.150	28.790	0.830	0.000000	29.17	25.15	0.00	50
HGIC	2011-09-21	0.757556	1.320030e+5	28.790	26.190	32.040	26.190	26.190	27.120	26.190	28.790	1.330	0.000000	29.17	26.19	0.00	51
HGIC	2011-09-20	0.727428	1.374710e+5	28.790	26.190	32.040	26.190	26.190	27.120	26.190	28.790	0.620	0.000000	29.15	26.19	0.00	52
HGIC	2011-09-19	0.733082	1.364100e+5	28.790	26.190	32.040	26.190	26.190	27.120	26.190	28.790	0.630	0.000000	29.16	26.19	0.00	53
