#Header line 	date 	volatility 	unit 		brkh20 	brkl20 	brkh55 	brkl55 	low10 	high10 	low20 	high20 	truerng	ignore20	add 	sellall	normalizedprice
CNR	2011-12-01	1.482600	6.744900e+4	80.780	77.020	80.780	65.650	77.020	80.020	77.020	80.780	0.800	0.000000	81.52	77.02	0.00	1
CNR	2011-11-30	1.518530	6.585320e+4	80.780	77.020	80.780	65.650	77.020	80.020	77.020	80.780	2.010	0.000000	81.54	77.02	0.00	2
CNR	2011-11-29	1.492660	6.699440e+4	80.780	77.020	80.780	65.650	77.020	80.280	77.020	80.780	0.800	0.000000	81.53	77.02	0.00	3
CNR	2011-11-28	1.529120	6.539720e+4	80.780	77.020	80.780	65.650	77.020	80.510	77.020	80.780	1.390	0.000000	81.54	77.02	0.00	4
CNR	2011-11-25	1.536440	6.508560e+4	80.780	77.020	80.780	65.650	77.020	80.780	77.020	80.780	1.190	0.000000	81.55	77.02	0.00	5
CNR	2011-11-24	1.554670	6.432220e+4	80.780	77.510	80.780	65.650	77.510	80.780	77.510	80.780	1.350	0.000000	81.56	77.51	0.00	6
CNR	2011-11-23	1.565440	6.387960e+4	80.780	76.560	80.780	65.650	78.510	80.780	76.560	80.780	1.170	0.000000	81.56	76.56	0.00	7
CNR	2011-11-22	1.586260	6.304150e+4	80.780	75.130	80.780	65.650	78.750	80.780	75.130	80.780	0.710	0.000000	81.57	75.13	0.00	8
CNR	2011-11-21	1.632380	6.126040e+4	80.780	75.130	80.780	65.650	78.790	80.780	75.130	80.780	1.660	0.000000	81.60	75.13	0.00	9
CNR	2011-11-18	1.630920	6.131500e+4	80.780	75.040	80.780	65.650	78.790	80.780	75.040	80.780	1.950	0.000000	81.60	75.04	0.00	10
CNR	2011-11-17	1.614130	6.195290e+4	80.780	73.880	80.780	65.650	79.060	80.780	73.880	80.780	1.060	0.000000	81.59	73.88	0.00	11
CNR	2011-11-16	1.643290	6.085340e+4	80.780	73.880	80.780	65.650	79.020	80.780	73.880	80.780	1.210	0.000000	81.60	73.88	0.00	12
CNR	2011-11-15	1.666100	6.002050e+4	80.780	73.880	80.780	65.650	78.750	80.780	73.880	80.780	0.700	0.000000	81.61	73.88	0.00	13
CNR	2011-11-14	1.716950	5.824300e+4	80.780	72.500	80.780	65.650	78.080	80.780	72.500	80.780	1.360	0.000000	81.64	72.50	0.00	14
CNR	2011-11-11	1.735730	5.761260e+4	80.710	72.500	80.710	65.650	78.080	80.710	72.500	80.710	1.240	0.000000	81.58	72.50	0.00	15
CNR	2011-11-10	1.761820	5.675940e+4	80.710	72.500	80.710	65.650	78.080	80.710	72.500	80.710	1.990	0.000000	81.59	72.50	0.00	16
CNR	2011-11-09	1.749810	5.714890e+4	80.710	72.500	80.710	65.650	76.560	80.710	72.500	80.710	1.760	0.000000	81.58	72.50	0.00	17
CNR	2011-11-08	1.749280	5.716640e+4	80.710	72.500	80.710	65.650	75.130	80.710	72.500	80.710	1.430	0.000000	81.58	72.50	0.00	18
CNR	2011-11-07	1.766080	5.662250e+4	80.000	72.260	80.000	65.650	75.130	80.000	72.260	80.000	1.010	0.000000	80.88	72.26	0.00	19
CNR	2011-11-04	1.805880	5.537480e+4	80.000	72.260	80.000	65.650	75.040	80.000	72.260	80.000	1.240	0.000000	80.90	72.26	0.00	20
CNR	2011-11-03	1.835660	5.447630e+4	79.750	70.490	79.750	65.650	73.880	79.750	70.490	79.750	1.300	0.000000	80.67	70.49	0.00	21
CNR	2011-11-02	1.863850	5.365230e+4	79.750	69.360	79.750	65.650	73.880	79.750	69.360	79.750	1.040	0.000000	80.68	69.36	0.00	22
CNR	2011-11-01	1.907210	5.243250e+4	79.750	68.380	79.750	65.650	73.880	79.750	68.380	79.750	3.150	0.000000	80.70	68.38	0.00	23
CNR	2011-10-31	1.841800	5.429460e+4	79.750	68.380	79.750	65.650	72.500	79.750	68.380	79.750	1.670	0.000000	80.67	68.38	0.00	24
CNR	2011-10-28	1.850840	5.402940e+4	79.050	68.380	79.050	65.650	72.500	79.050	68.380	79.050	1.520	0.000000	79.98	68.38	0.00	25
CNR	2011-10-27	1.868260	5.352580e+4	76.560	68.380	76.560	65.650	72.500	76.560	68.380	76.560	2.800	0.000000	77.49	68.38	0.00	26
CNR	2011-10-26	1.819220	5.496860e+4	75.200	68.380	75.200	65.650	72.500	75.200	68.380	75.200	2.600	0.000000	76.11	68.38	0.00	27
CNR	2011-10-25	1.778130	5.623900e+4	75.200	68.380	75.200	65.650	72.500	75.200	68.380	75.200	2.100	0.000000	76.09	68.38	0.00	28
CNR	2011-10-24	1.761180	5.678000e+4	75.040	67.340	75.040	65.650	72.260	75.040	67.340	75.040	1.090	0.000000	75.92	67.34	0.00	29
CNR	2011-10-21	1.796510	5.566350e+4	74.790	65.820	74.790	65.650	72.260	74.790	65.820	74.790	1.370	0.000000	75.69	65.82	0.00	30
CNR	2011-10-20	1.818960	5.497650e+4	74.790	65.650	74.790	65.650	70.490	74.790	65.650	74.790	2.020	0.000000	75.70	65.65	0.00	31
CNR	2011-10-19	1.808380	5.529820e+4	74.650	65.650	74.650	65.650	69.360	74.650	65.650	74.650	1.070	0.000000	75.55	65.65	0.00	32
CNR	2011-10-18	1.847240	5.413490e+4	74.140	65.650	74.140	65.650	68.380	74.140	65.650	74.140	2.610	0.000000	75.06	65.65	0.00	33
CNR	2011-10-17	1.807090	5.533750e+4	74.140	65.650	74.140	65.650	68.380	74.140	65.650	74.140	1.640	0.000000	75.04	65.65	0.00	34
CNR	2011-10-14	1.815890	5.506950e+4	74.140	65.650	74.140	65.650	68.380	74.140	65.650	74.140	1.340	0.000000	75.05	65.65	0.00	35
CNR	2011-10-13	1.840930	5.432020e+4	74.140	65.650	75.240	65.650	68.380	74.140	65.650	74.140	1.960	0.000000	75.06	65.65	0.00	36
CNR	2011-10-12	1.834670	5.450580e+4	73.590	65.650	75.240	65.650	68.380	73.590	65.650	73.590	1.440	0.000000	74.51	65.65	0.00	37
CNR	2011-10-11	1.855440	5.389560e+4	72.810	65.650	75.240	65.650	68.380	72.810	65.650	72.810	1.520	0.000000	73.74	65.65	0.00	38
CNR	2011-10-07	1.873090	5.338760e+4	72.810	65.650	75.240	65.650	67.340	72.810	65.650	72.810	1.270	0.000000	73.75	65.65	0.00	39
CNR	2011-10-06	1.904840	5.249800e+4	70.980	65.650	75.240	65.650	65.820	70.980	65.650	70.980	2.520	0.000000	71.93	65.65	0.00	40
CNR	2011-10-05	1.872460	5.340570e+4	70.980	65.650	75.240	65.650	65.650	70.980	65.650	70.980	2.120	0.000000	71.92	65.65	0.00	41
CNR	2011-10-04	1.859430	5.377990e+4	70.980	65.650	75.240	65.650	65.650	70.980	65.650	70.980	3.000	0.000000	71.91	65.65	0.00	42
CNR	2011-10-03	1.799400	5.557410e+4	70.980	65.650	75.240	65.650	65.650	70.980	65.650	70.980	1.860	0.000000	71.88	65.65	0.00	43
CNR	2011-09-30	1.796210	5.567280e+4	71.790	65.650	75.240	65.650	65.650	70.980	65.650	71.790	1.820	0.000000	72.69	65.65	0.00	44
CNR	2011-09-29	1.794960	5.571160e+4	72.030	65.650	75.240	65.650	65.650	70.940	65.650	72.030	2.020	0.000000	72.93	65.65	0.00	45
CNR	2011-09-28	1.783110	5.608160e+4	72.030	65.650	75.500	65.650	65.650	70.940	65.650	72.030	0.920	0.000000	72.92	65.65	0.00	46
CNR	2011-09-27	1.828540	5.468840e+4	72.030	65.650	76.110	65.650	65.650	70.940	65.650	72.030	2.060	0.000000	72.94	65.65	0.00	47
CNR	2011-09-26	1.816360	5.505520e+4	72.030	65.650	76.480	65.650	65.650	70.940	65.650	72.030	2.220	0.000000	72.94	65.65	0.00	48
CNR	2011-09-23	1.795120	5.570670e+4	72.030	65.650	77.120	65.650	65.650	70.940	65.650	72.030	2.440	0.000000	72.93	65.65	0.00	49
CNR	2011-09-22	1.761170	5.678030e+4	72.030	65.650	77.120	65.650	65.650	70.940	65.650	72.030	2.380	0.000000	72.91	65.65	0.00	50
CNR	2011-09-21	1.728600	5.785010e+4	72.030	67.540	77.840	66.210	67.540	70.940	67.540	72.030	2.980	0.000000	72.89	67.54	0.00	51
CNR	2011-09-20	1.662740	6.014160e+4	72.030	67.400	77.840	66.210	67.540	70.940	67.400	72.030	1.400	0.000000	72.86	67.40	0.00	52
CNR	2011-09-19	1.676570	5.964560e+4	72.030	67.180	77.840	66.210	67.540	70.940	67.180	72.030	0.830	0.000000	72.87	67.18	0.00	53
